0.0135
-0.0353
0.0169
-0.0770
-0.0363
0.0107
0.0447
-0.0026
-0.0527
0.0717
-0.0209
-0.0228
0.1356
0.0030
-0.0108
0.1741
-0.0567
-0.0518
-0.0300
-0.0721
0.0138
-0.0314
0.0143
-0.0787
-0.0339
0.0110
0.0440
-0.0038
-0.0517
0.0723
-0.0214
-0.0205
0.1367
0.0030
-0.0133
0.1761
-0.0538
-0.0521
-0.0283
-0.0757
0.0143
-0.0326
0.0167
-0.0770
-0.0365
0.0101
0.0447
-0.0043
-0.0500
0.0709
-0.0200
-0.0232
0.1362
0.0024
-0.0121
0.1747
-0.0533
-0.0523
-0.0301
-0.0746
0.0141
-0.0331
0.0179
-0.0766
-0.0372
0.0109
0.0445
-0.0003
-0.0513
0.0707
-0.0208
-0.0219
0.1352
0.0018
-0.0140
0.1755
-0.0541
-0.0518
-0.0291
-0.0718
0.0129
-0.0344
0.0170
-0.0765
-0.0352
0.0103
0.0467
-0.0039
-0.0537
0.0705
-0.0215
-0.0218
0.1342
0.0026
-0.0131
0.1759
-0.0539
-0.0544
-0.0301
-0.0739
0.0140
-0.0335
0.0145
-0.0772
-0.0364
0.0102
0.0456
-0.0049
-0.0524
0.0725
-0.0205
-0.0223
0.1360
0.0012
-0.0117
0.1760
-0.0543
-0.0518
-0.0302
-0.0750
0.0147
-0.0328
0.0144
-0.0799
-0.0352
0.0116
0.0454
-0.0036
-0.0521
0.0748
-0.0218
-0.0223
0.1346
0.0008
-0.0117
0.1777
-0.0535
-0.0526
-0.0288
-0.0741
0.0154
-0.0332
0.0165
-0.0778
-0.0365
0.0098
0.0452
-0.0041
-0.0522
0.0722
-0.0209
-0.0202
0.1344
0.0024
-0.0127
0.1774
-0.0544
-0.0520
-0.0296
-0.0742
0.0137
-0.0339
0.0158
-0.0771
-0.0376
0.0110
0.0438
-0.0037
-0.0530
0.0744
-0.0194
-0.0230
0.1363
0.0011
-0.0123
0.1733
-0.0550
-0.0546
-0.0296
-0.0736
0.0130
-0.0339
0.0146
-0.0772
-0.0362
0.0102
0.0445
-0.0036
-0.0530
0.0711
-0.0217
-0.0215
0.1367
0.0037
-0.0129
0.1747
-0.0540
-0.0516
-0.0301
-0.0731
0.0145
-0.0331
0.0157
-0.0774
-0.0348
0.0107
0.0455
-0.0034
-0.0502
0.0717
-0.0223
-0.0223
0.1356
0.0029
-0.0150
0.1763
-0.0526
-0.0515
-0.0291
-0.0737
0.0127
-0.0335
0.0172
-0.0767
-0.0357
0.0097
0.0436
-0.0029
-0.0521
0.0711
-0.0191
-0.0225
0.1353
0.0006
-0.0137
0.1759
-0.0550
-0.0527
-0.0292
-0.0730
0.0128
-0.0343
0.0155
-0.0775
-0.0368
0.0108
0.0466
-0.0043
-0.0518
0.0719
-0.0216
-0.0218
0.1375
0.0029
-0.0111
0.1752
-0.0558
-0.0540
-0.0285
-0.0745
0.0144
-0.0346
0.0162
-0.0781
-0.0366
0.0118
0.0447
-0.0020
-0.0513
0.0718
-0.0200
-0.0222
0.1354
0.0019
-0.0119
0.1763
-0.0555
-0.0530
-0.0288
-0.0741
0.0131
-0.0333
0.0163
-0.0777
-0.0365
0.0101
0.0440
-0.0032
-0.0529
0.0723
-0.0218
-0.0238
0.1373
0.0029
-0.0118
0.1757
-0.0534
-0.0511
-0.0292
-0.0744
-0.2374
-0.2384
-0.2379
-0.2394
-0.2378
-0.2375
-0.2376
-0.2393
-0.2370
-0.2387
-0.2383
-0.2379
-0.2386
-0.2384
-0.2389
-0.2385
-0.2374
-0.2390
-0.2385
-0.2372
-0.2384
-0.2370
-0.2379
-0.2390
-0.2384
-0.2404
-0.2373
-0.2371
-0.2393
-0.2378
-0.2396
-0.2389
-0.2363
-0.2382
-0.2375
-0.2386
-0.2396
-0.2375
-0.2367
-0.2390
-0.2387
-0.2391
-0.2381
-0.2382
-0.2389
-0.2372
-0.2396
-0.2383
-0.2386
-0.2414
-0.2379
-0.2381
-0.2389
-0.2402
-0.2392
-0.2384
-0.2388
-0.2395
-0.2386
-0.2375
-0.2380
-0.2371
-0.2360
-0.2373
-0.2383
-0.2389
-0.2385
-0.2387
-0.2386
-0.2390
-0.2391
-0.2374
-0.2396
-0.2382
-0.2380
-0.2379
-0.2393
-0.2390
-0.2381
-0.2380
-0.2374
-0.2380
-0.2391
-0.2384
-0.2375
-0.2382
-0.2386
-0.2397
-0.2384
-0.2389
-0.2373
-0.2377
-0.2376
-0.2364
-0.2372
-0.2386
-0.2384
-0.2372
-0.2379
-0.2392
-0.2383
-0.2383
-0.2387
-0.2376
-0.2372
-0.2386
-0.2381
-0.2387
-0.2380
-0.2392
-0.2393
-0.2378
-0.2378
-0.2399
-0.2382
-0.2385
-0.2383
-0.2392
-0.2389
-0.2376
-0.2385
-0.2363
-0.2387
-0.2377
-0.2399
-0.2377
-0.2390
-0.2382
-0.2385
-0.2374
-0.2396
-0.2390
-0.2407
-0.2376
-0.2404
-0.2386
-0.2373
-0.2399
-0.2374
-0.2374
-0.2383
-0.2389
-0.2379
-0.2378
-0.2392
-0.2382
-0.2367
-0.2379
-0.2372
-0.2355
-0.2394
-0.2391
-0.2385
-0.2381
-0.2373
-0.2379
-0.2384
-0.2386
-0.2372
-0.2396
-0.2378
-0.2380
-0.2400
-0.2382
-0.2387
-0.2377
-0.2370
-0.2383
-0.2385
-0.2386
-0.2387
-0.2374
-0.2382
-0.2356
-0.2373
-0.2373
-0.2392
-0.2378
-0.2380
-0.2377
-0.2379
-0.2389
-0.2379
-0.2399
-0.2378
-0.2396
-0.2390
-0.2373
-0.2371
-0.2384
-0.2386
-0.2382
-0.2385
-0.2378
-0.2390
-0.2373
-0.2374
-0.2404
-0.2407
-0.2379
-0.2378
-0.2382
-0.2384
-0.2389
-0.2387
-0.2390
-0.2379
-0.2379
-0.2396
-0.2368
-0.2370
-0.2376
-0.2385
-0.2388
-0.2373
-0.2381
-0.2376
-0.2381
-0.2403
-0.2361
-0.2385
-0.2370
-0.2397
-0.2363
-0.2371
-0.2608
-0.2612
-0.2611
-0.2627
-0.2616
-0.2598
-0.2605
-0.2617
-0.2615
-0.2624
-0.2621
-0.2621
-0.2634
-0.2613
-0.2604
-0.2250
-0.2244
-0.2251
-0.2241
-0.2245
-0.2262
-0.2245
-0.2232
-0.2239
-0.2243
-0.2254
-0.2256
-0.2247
-0.2247
-0.2251
-0.1193
-0.1179
-0.1200
-0.1192
-0.1192
-0.1188
-0.1172
-0.1186
-0.1188
-0.1184
-0.1197
-0.1187
-0.1193
-0.1215
-0.1200
-0.2608
-0.2587
-0.2597
-0.2605
-0.2608
-0.2599
-0.2603
-0.2604
-0.2598
-0.2597
-0.2607
-0.2610
-0.2607
-0.2601
-0.2585
-0.1882
-0.1862
-0.1877
-0.1874
-0.1871
-0.1892
-0.1876
-0.1875
-0.1881
-0.1879
-0.1873
-0.1872
-0.1848
-0.1860
-0.1885
-0.1300
-0.1320
-0.1297
-0.1306
-0.1319
-0.1314
-0.1315
-0.1321
-0.1315
-0.1318
-0.1313
-0.1324
-0.1332
-0.1318
-0.1306
-0.2267
-0.2302
-0.2296
-0.2280
-0.2295
-0.2294
-0.2301
-0.2270
-0.2283
-0.2295
-0.2287
-0.2279
-0.2280
-0.2273
-0.2289
-0.2085
-0.2077
-0.2061
-0.2067
-0.2074
-0.2063
-0.2059
-0.2072
-0.2078
-0.2070
-0.2075
-0.2099
-0.2065
-0.2065
-0.2069
-0.1402
-0.1392
-0.1401
-0.1415
-0.1404
-0.1403
-0.1387
-0.1391
-0.1398
-0.1408
-0.1401
-0.1387
-0.1408
-0.1391
-0.1386
-0.2022
-0.2000
-0.2010
-0.2014
-0.2002
-0.1999
-0.2022
-0.2006
-0.2011
-0.1999
-0.2010
-0.2009
-0.2009
-0.2009
-0.1996
