4.111243076776683464e-02
-1.364216092029660321e-02
3.611581239208270372e-02
-6.376489868034436459e-02
-2.686261305790762360e-02
6.958549067445263421e-04
-3.253570334802143721e-02
4.206195653148390307e-02
-4.837140052219142394e-02
-7.900669864384080726e-03
-2.706988109358701017e-02
-2.839975703909435739e-03
4.906653911872729812e-02
2.953331057055803149e-02
-3.612646889223102703e-02
-3.256059533316239211e-03
-2.748747323389652553e-02
-3.054303058256840897e-02
-1.511064736868380186e-02
-4.134329401928404923e-02
4.071218691008701707e-02
-1.344382178565144484e-02
3.549935076496748415e-02
-6.406611961962600799e-02
-2.711705617108940702e-02
3.288181188065134909e-04
-3.310722127159573813e-02
4.255114803448107469e-02
-4.867100268005870173e-02
-8.174280531409417253e-03
-2.733568848531900408e-02
-2.485448227005920916e-03
4.904096551826692824e-02
2.943970500287004105e-02
-3.608378580740075753e-02
-3.531690665366141180e-03
-2.762495561147547754e-02
-3.039722138020188938e-02
-1.567900216230689106e-02
-4.021991759333523597e-02
4.058887465208778356e-02
-1.346593843460415496e-02
3.584193911765803930e-02
-6.426834489626213898e-02
-2.687797504767830414e-02
6.359594338958282980e-04
-3.350393659133465291e-02
4.160540225035881667e-02
-4.851680680344258589e-02
-7.859611453498888470e-03
-2.736871947688773038e-02
-2.783801734516294819e-03
4.915250501832309910e-02
2.945330302526244851e-02
-3.576313832335747955e-02
-2.963691035123644513e-03
-2.689990327103834039e-02
-3.042257629173265518e-02
-1.527319873658856617e-02
-4.103779630333144468e-02
4.131740491698272788e-02
-1.294189481366721239e-02
3.556663933420743662e-02
-6.348691668125706900e-02
-2.779939478692549509e-02
1.084064790386874907e-03
-3.275258341451667277e-02
4.153230281380449612e-02
-4.892427118234495692e-02
-7.534290806940181252e-03
-2.690544326296613956e-02
-2.797556350333698337e-03
4.966435342715810192e-02
2.883563522112658067e-02
-3.603839291062933825e-02
-2.750752668336896647e-03
-2.759275987921398082e-02
-3.065831976332772379e-02
-1.529673368306876460e-02
-4.111867101224353505e-02
4.135929351095865569e-02
-1.270777067666616598e-02
3.552432171352827572e-02
-6.451696712257735944e-02
-2.673705070623970392e-02
6.442160015402687533e-04
-3.237451256967543989e-02
4.227715668182145670e-02
-4.852251893478026074e-02
-8.031447768371490284e-03
-2.695553618467352516e-02
-2.711301545883481809e-03
5.012671633211877864e-02
2.967484149075092295e-02
-3.544087718149004779e-02
-3.225819268178112091e-03
-2.707789099993061777e-02
-3.068811187990140230e-02
-1.527401942350213246e-02
-4.125941332914259685e-02
4.103337105633686477e-02
-1.300057326642847094e-02
3.552851977361153046e-02
-6.391828235984398088e-02
-2.662132622205680421e-02
6.656036770624771184e-04
-3.252012746940834836e-02
4.152918257775838756e-02
-4.817788026247371569e-02
-7.568011192420252831e-03
-2.746664480358720212e-02
-2.905786489277904262e-03
4.924835481493670952e-02
2.922591916975529613e-02
-3.597872532675038676e-02
-3.096448775307002969e-03
-2.702188122039205637e-02
-3.110859102164371254e-02
-1.479164326809585123e-02
-4.188326364242100919e-02
4.075116082341225660e-02
-1.310991503796370312e-02
3.540883449776936753e-02
-6.418399565759713710e-02
-2.691078436328934662e-02
3.797724659179734820e-04
-3.261697429600851628e-02
4.176225811821943773e-02
-4.893542704138782035e-02
-8.290004026855066904e-03
-2.739758460276607577e-02
-2.801675242478087087e-03
4.987722584227378964e-02
2.925557200235165758e-02
-3.599413877051501481e-02
-3.062743976785471667e-03
-2.728935954347004242e-02
-3.043693201551646646e-02
-1.460090428795875368e-02
-4.130378454582296632e-02
4.164347636236299943e-02
-1.301690715213363325e-02
3.585934274525755250e-02
-6.412710798184824423e-02
-2.729168238758435117e-02
6.414685797638216593e-04
-3.245378607672254334e-02
4.161335988209698827e-02
-4.867066015717558952e-02
-7.898742374840062030e-03
-2.710289666408980530e-02
-2.901910278612745454e-03
4.923141384273560517e-02
2.991181255841028966e-02
-3.555230582511696019e-02
-2.740435877829528518e-03
-2.710249813950613498e-02
-3.032624201633283417e-02
-1.506280058413447288e-02
-4.093708395928846722e-02
4.156264669269182227e-02
-1.328425764801750841e-02
3.591185323825775433e-02
-6.387664738841970780e-02
-2.689354338993703644e-02
4.350844203862124643e-04
-3.257398906721135912e-02
4.212779961076973390e-02
-4.872519570985241188e-02
-7.363004057766813285e-03
-2.682058007397265104e-02
-2.258461580860108078e-03
4.959243003873865102e-02
2.936456059995395246e-02
-3.599491366845958967e-02
-2.915073573920701558e-03
-2.761484549297936117e-02
-3.053556279451375213e-02
-1.541720125892505691e-02
-4.127425538350555645e-02
4.181408499168344506e-02
-1.288903926690744203e-02
3.617073616500738470e-02
-6.383271262445940064e-02
-2.746389102429845283e-02
1.246784879409140907e-03
-3.300576472527563809e-02
4.184068867265676450e-02
-4.817929511510726098e-02
-7.736505585266169154e-03
-2.710823096763228038e-02
-2.739387944012688578e-03
4.906270371098127997e-02
2.932002693142774646e-02
-3.556143190718066144e-02
-3.052691509883430354e-03
-2.758663427864892909e-02
-2.999657900417123171e-02
-1.471033461861540742e-02
-4.140115852787547984e-02
4.154764308196921829e-02
-1.290708815678118584e-02
3.600388075358051249e-02
-6.379579459326900626e-02
-2.706803717469186826e-02
1.379096786511147237e-03
-3.297625588618802867e-02
4.220377732509079244e-02
-4.810636991703865634e-02
-8.268433093241990897e-03
-2.716734156182624288e-02
-2.554992252601597912e-03
4.913922972137855366e-02
2.928269220930648786e-02
-3.574481026928134214e-02
-3.332988917106983508e-03
-2.720833604808814768e-02
-3.081510022509844487e-02
-1.445545026043810674e-02
-4.085280819639486999e-02
4.130393915266861171e-02
-1.329084221285669297e-02
3.581743887982776625e-02
-6.433678252428334798e-02
-2.693099431372867128e-02
8.973211570159015521e-04
-3.281431710659363232e-02
4.180897781970834004e-02
-4.916323991080159828e-02
-7.838841142643640861e-03
-2.678860642626168173e-02
-2.946341406833805250e-03
4.963664463843444480e-02
2.890895006489176827e-02
-3.556046861985681651e-02
-3.078251129623115791e-03
-2.710014117588849594e-02
-3.080312433074867268e-02
-1.470236240886308235e-02
-4.134557231948525480e-02
4.141553749141900498e-02
-1.329774006608682932e-02
3.596201209852738917e-02
-6.390049836444627873e-02
-2.763005394240822601e-02
8.470892755486391160e-04
-3.221289674435481865e-02
4.223710651450267306e-02
-4.920732877817098061e-02
-7.538316943740181256e-03
-2.717174976047644769e-02
-2.362257167690827355e-03
4.950637711551055670e-02
2.899056689180407043e-02
-3.580019422092248216e-02
-3.044661810960967805e-03
-2.732629642146734011e-02
-3.039785935722489826e-02
-1.501065848202543830e-02
-4.094570920493398325e-02
4.126924661104180991e-02
-1.295290890581946713e-02
3.581580617288250556e-02
-6.492641829184889191e-02
-2.688442817976463214e-02
1.140599702626785700e-03
-3.278143803781731480e-02
4.136858227535700899e-02
-4.849290448516516833e-02
-7.562998069276109618e-03
-2.759618342164948945e-02
-3.063157848813414900e-03
4.932179127226891946e-02
2.927109644655533083e-02
-3.609444139595990864e-02
-3.048947278679374050e-03
-2.720987333908434988e-02
-3.042705488083596865e-02
-1.505678637238529530e-02
-4.154294510102799626e-02
4.141289487820210002e-02
-1.316336589406656710e-02
3.638818384257441751e-02
-6.385037093686295184e-02
-2.727479796466413670e-02
1.323472153969077088e-03
-3.334427789140997911e-02
4.200088905884814816e-02
-4.826922745136473514e-02
-8.244182956628317432e-03
-2.774352113511132853e-02
-2.567872923942533282e-03
4.870422408892293581e-02
2.943879665899200998e-02
-3.527788906338974462e-02
-3.604559522908884397e-03
-2.749953051958677758e-02
-3.055708702404637961e-02
-1.493979443836190857e-02
-4.076258272437776470e-02
-6.485512117230972894e-03
-6.213280896189283219e-03
-6.637120813636111435e-03
-6.633582346652195511e-03
-6.717579883780341876e-03
-7.371697231155807141e-03
-6.132172559322102492e-03
-6.787844517150768732e-03
-6.485467076511319817e-03
-7.099680118132805327e-03
-6.532695549757075622e-03
-6.234576295333895714e-03
-6.864631053305496680e-03
-6.529172442602244539e-03
-6.353558162153280855e-03
-6.589515227945576259e-03
-6.376978554526654790e-03
-6.554360619261521796e-03
-6.441808544118657505e-03
-6.358500856067518525e-03
-6.577845901814633085e-03
-6.368100928368902389e-03
-6.163143028437837422e-03
-6.923571844293761532e-03
-6.250215486867037942e-03
-6.361660970769691080e-03
-6.596491076528038580e-03
-6.860348917550366035e-03
-6.497879725421141367e-03
-6.368837521873371363e-03
-6.257679954344624526e-03
-6.671938744386434958e-03
-5.967801518916853940e-03
-6.950361088990094326e-03
-6.767711004428735196e-03
-6.364435024527712211e-03
-6.843001941619263062e-03
-6.620993164870173434e-03
-6.582269866231053868e-03
-6.669320460510011483e-03
-6.467974316330930666e-03
-6.359879980145501793e-03
-6.879744482474342733e-03
-6.157018552035790557e-03
-6.250111708925859023e-03
-6.691843758613274899e-03
-6.855741597749794372e-03
-6.480095406022964334e-03
-6.264347576332606610e-03
-6.981829713586388056e-03
-6.276061757730468094e-03
-6.366869118659530813e-03
-6.112651118833982780e-03
-6.337233272521889012e-03
-6.462853856741604917e-03
-6.364514545129450196e-03
-6.592917547546880454e-03
-6.527348391092027344e-03
-6.250210235845547919e-03
-6.496220942399119277e-03
-6.764426507496997150e-03
-6.612727729996501283e-03
-6.916467969795258783e-03
-6.951302263920094461e-03
-6.813415607360418652e-03
-6.887084173271709395e-03
-5.988238907116873698e-03
-6.492641702450557308e-03
-6.854501482722063534e-03
-6.256394968090861139e-03
-5.902455551133931055e-03
-7.022775493401485665e-03
-6.344474144954318634e-03
-6.454178653157996090e-03
-6.592227496603327887e-03
-6.660255361642720452e-03
-6.523775844334812890e-03
-6.451740562173775492e-03
-6.415426811821933577e-03
-6.183781289409748944e-03
-6.389116449708498111e-03
-6.334779941031824096e-03
-6.511598371374526135e-03
-6.434600377944852019e-03
-6.964314220881099964e-03
-7.017301524731667933e-03
-6.357424967457524223e-03
-6.251451880867649538e-03
-6.161052791799512436e-03
-6.311891081841517100e-03
-7.044189257318891201e-03
-6.893895083806415511e-03
-6.593847434770113911e-03
-7.007315153456120278e-03
-6.746177715735531509e-03
-6.161431063503028556e-03
-6.505473317404779875e-03
-6.803051888393840327e-03
-6.185342578572198755e-03
-6.866756460128281732e-03
-6.116865736502614080e-03
-6.796610151388254167e-03
-6.339305071508970560e-03
-6.245454523671596647e-03
-6.413071042665450389e-03
-6.439613410335632941e-03
-6.701216382842396097e-03
-7.106314226965773292e-03
-6.357248683341113968e-03
-6.662004881822860408e-03
-7.036776059889548844e-03
-6.413828871321621515e-03
-6.883930120379127583e-03
-6.065722453618772707e-03
-7.242839904898830394e-03
-5.975907130359363849e-03
-6.705019556750817754e-03
-6.601447581171488409e-03
-6.776768551191850697e-03
-6.702539152228586053e-03
-6.377658364307326952e-03
-6.324231792298080045e-03
-6.600503342279201262e-03
-6.442776464263914524e-03
-6.609555351209793483e-03
-6.740202360325720475e-03
-6.389249138258596035e-03
-6.673271424513255862e-03
-6.207453445658794519e-03
-6.386111069494844646e-03
-6.457219356760059148e-03
-6.039185915161101280e-03
-6.387595616261173420e-03
-6.566374837691709224e-03
-6.517393651997841798e-03
-6.695189265479790756e-03
-6.299176772671426922e-03
-6.764924044421073007e-03
-6.581801616416024965e-03
-6.271324874732800946e-03
-5.973682923433427071e-03
-6.505369528939426542e-03
-6.392465270966241585e-03
-6.751070292752588305e-03
-6.386786130923744267e-03
-6.583489390384425835e-03
-6.133704072360748709e-03
-6.674766288965675552e-03
-6.809846153166513802e-03
-6.240880280986875125e-03
-6.107916525275642987e-03
-7.299084708190427262e-03
-6.573669906529956003e-03
-7.078761397217706898e-03
-6.531586558912262641e-03
-6.231361052127043498e-03
-6.247909687325640254e-03
-6.860971206387159529e-03
-6.582249702016739965e-03
-6.377559418332670246e-03
-6.777091395045013039e-03
-6.415467848988488236e-03
-6.607441973578940912e-03
-6.949075190181412155e-03
-6.796930408163265845e-03
-6.554224961191086780e-03
-6.986548994040114521e-03
-7.154315927732513708e-03
-6.951683933474952018e-03
-6.583277191626067670e-03
-6.801151993801973945e-03
-6.609206792646944023e-03
-6.494061380571758760e-03
-6.208863293866598819e-03
-6.702244817687810254e-03
-6.580259344551753209e-03
-6.369280775988655011e-03
-6.366053464531514806e-03
-6.373762603790016079e-03
-6.496248241277428198e-03
-6.315721738679750015e-03
-6.515004150387387026e-03
-6.480808888597533457e-03
-6.829712930563777012e-03
-6.550240813446018585e-03
-7.259420857527590538e-03
-6.649830583921146482e-03
-6.302808978014821061e-03
-7.023962357035064621e-03
-6.736254219507964436e-03
-5.715212310080291201e-03
-6.604841856509893576e-03
-6.147879047047487625e-03
-6.690756167986059051e-03
-6.473663870824842084e-03
-6.454116475850012365e-03
-6.930835863045520240e-03
-6.790042088229327963e-03
-6.778129109432748378e-03
-6.519277168825481777e-03
-7.173304376597579649e-03
-6.410304099529958409e-03
-6.682105419693927864e-03
-6.951707721602997520e-03
-6.286230626102266676e-03
-6.176726878637384642e-03
-7.023987331209864855e-03
-6.620380782739839452e-03
-6.756939019277441623e-03
-6.250164087108328256e-03
-6.831838629648123370e-03
-6.241735885929919694e-03
-6.464033083796428235e-03
-6.452128872520556356e-03
-6.868283080645358647e-03
-6.528146416394200666e-03
-6.327686312800237002e-03
-6.434510327464575477e-03
-6.680485353090099589e-03
-6.537294036227145333e-03
-6.320025057171482774e-03
-6.377527219234959202e-03
-6.362404415053021789e-03
-6.492179778771727493e-03
-6.339878687368104455e-03
-8.474515781011154880e-02
-8.415761825823009357e-02
-8.406758362832363052e-02
-8.447197193255281955e-02
-8.490971506262692814e-02
-8.484634688436956673e-02
-8.462297911541494244e-02
-8.482775064747699600e-02
-8.483056566793981124e-02
-8.500474413291689291e-02
-8.406532090141098645e-02
-8.519957568687626381e-02
-8.414336282300619030e-02
-8.447518938184445103e-02
-8.427527216613436845e-02
-9.476777485017129354e-02
-9.520684520279971974e-02
-9.475187793765214861e-02
-9.447055999898017198e-02
-9.500684839690853867e-02
-9.392379599460205786e-02
-9.448337512509472069e-02
-9.453101625888626902e-02
-9.457452387310458231e-02
-9.478091912986050249e-02
-9.503871570839918237e-02
-9.403425477242757791e-02
-9.455949423264756182e-02
-9.485696634842637198e-02
-9.523924114685553000e-02
-1.052963569280723939e-02
-1.027047031191802295e-02
-1.121372954565251490e-02
-1.012336130734825881e-02
-1.061591579089168208e-02
-1.050033268449731758e-02
-1.094722333310109777e-02
-1.037867991718266492e-02
-1.068311272750700064e-02
-1.072562887953663543e-02
-1.069815181398561105e-02
-1.058269379986312084e-02
-1.054565626363824365e-02
-1.042615153613049399e-02
-1.091074673554436048e-02
-3.531052906555499915e-02
-3.583544031556185755e-02
-3.594172359852410709e-02
-3.619663928714603185e-02
-3.547626453358851406e-02
-3.573071747609923854e-02
-3.603548828930772108e-02
-3.576742157906456082e-02
-3.565515530287648172e-02
-3.587938916656162325e-02
-3.563793192949010064e-02
-3.658765584303604740e-02
-3.590768484245438624e-02
-3.574680063284131626e-02
-3.591020447070013277e-02
-5.641509107676875162e-02
-5.735456506369718266e-02
-5.681916742784155067e-02
-5.642822013135355419e-02
-5.699210566644045961e-02
-5.662879736426441185e-02
-5.702434636504821047e-02
-5.672298416647084118e-02
-5.641097905285206299e-02
-5.636754756230340918e-02
-5.681981089448163991e-02
-5.661864187987783459e-02
-5.657413143763506680e-02
-5.667349243010309789e-02
-5.642633175727677225e-02
-1.391799630078817754e-02
-1.408897991908308889e-02
-1.400276877661140937e-02
-1.451147468409868732e-02
-1.382967813055242280e-02
-1.457415803579060337e-02
-1.458886122009239554e-02
-1.469158168967328593e-02
-1.392916420382706889e-02
-1.439235059906900267e-02
-1.369106141763621297e-02
-1.407441830983123185e-02
-1.404649494247126908e-02
-1.419936293668623908e-02
-1.406046678549702916e-02
-7.526126151953414778e-02
-7.477995346915941588e-02
-7.533952879137498226e-02
-7.415038914278219984e-02
-7.507482687383185138e-02
-7.516900730486929250e-02
-7.463894221572908716e-02
-7.484079910028063054e-02
-7.481784692394455316e-02
-7.537066467039953144e-02
-7.539128106544928931e-02
-7.449418497420962071e-02
-7.477146618393316901e-02
-7.506274849094150825e-02
-7.504598512774390828e-02
-5.564900927095666611e-02
-5.537768709284063284e-02
-5.511104371731181950e-02
-5.592144071641199504e-02
-5.522640418118884148e-02
-5.517508199114839335e-02
-5.533290089808100970e-02
-5.528414030127451473e-02
-5.569328566974324907e-02
-5.510702028254807483e-02
-5.546782686250675831e-02
-5.480912112123310920e-02
-5.570593611818738800e-02
-5.541066184004212608e-02
-5.475759656778721868e-02
-1.432433810656661560e-02
-1.386080891396103236e-02
-1.429077577293735510e-02
-1.377380462988318267e-02
-1.442351866395201812e-02
-1.396027784621866642e-02
-1.456362021213331026e-02
-1.364423056960674049e-02
-1.392463786077066841e-02
-1.334733082906872266e-02
-1.398902880473398488e-02
-1.403056409030596641e-02
-1.376446117462878059e-02
-1.425786090499524261e-02
-1.404672587201955328e-02
-3.775101123032716804e-02
-3.786203747248564899e-02
-3.757493755328873697e-02
-3.711519634378238758e-02
-3.700445655948075840e-02
-3.755542522151244372e-02
-3.735213393179655228e-02
-3.730238186614404788e-02
-3.721586467823864014e-02
-3.723618779650487987e-02
-3.730215119391454975e-02
-3.681493367043089243e-02
-3.746251439081593748e-02
-3.761525280117288678e-02
-3.692441309069441346e-02
