-7.170476479719351329e-03
-6.136683962404294694e-03
-7.241542817346659222e-03
-8.204236654865885645e-03
-8.612427543249850243e-03
-8.941896579170195702e-03
-5.520645623602086008e-03
-7.015565083545439312e-03
-6.330812510498549581e-03
-8.555484881236684672e-03
-6.624317232682523648e-03
-7.468416401698789106e-03
-7.955112388828716047e-03
-8.012778540990889153e-03
-6.699827011371338112e-03
-7.182065091175229322e-03
-7.599886530120419058e-03
-8.516452252830821260e-03
-6.991851824652482901e-03
-6.307050861253046987e-03
-7.992830051907132485e-03
-6.569907996420922165e-03
-5.872949931015887352e-03
-8.900991297010813971e-03
-6.289917992590616375e-03
-6.293835460498917005e-03
-7.452532883367980754e-03
-9.014522197827680092e-03
-6.738850929596754830e-03
-7.025588070084536410e-03
-7.300067143213368609e-03
-7.939896408698784991e-03
-5.315008464567825587e-03
-8.851155609575498892e-03
-7.838515854166847388e-03
-7.083061881011794639e-03
-8.657116622113030652e-03
-7.579758615446448820e-03
-8.038453999845214526e-03
-7.405993875160661426e-03
-6.404037374587407544e-03
-6.152209343756346802e-03
-8.044628629769777842e-03
-6.682778923602397149e-03
-6.385823043223741100e-03
-7.030420670236627381e-03
-8.781443928406120966e-03
-7.281669385734284086e-03
-7.262470412392271410e-03
-8.240451984232831720e-03
-7.015667724901890855e-03
-7.876205575245548082e-03
-5.957930306579451232e-03
-6.590211772703781501e-03
-7.489887731111883468e-03
-6.568350932028239018e-03
-8.252688832339811001e-03
-6.279904134404499898e-03
-6.276318046710242793e-03
-8.185460868804695159e-03
-8.819890947428403460e-03
-7.694514281470488798e-03
-8.852224567262355695e-03
-8.331599133379387692e-03
-8.195939290857830184e-03
-8.549158360725742090e-03
-5.384700346007457138e-03
-6.907911799602913482e-03
-8.544154756612664867e-03
-6.726473242053560529e-03
-5.652697750630294830e-03
-8.141240887850917027e-03
-6.744961293989735172e-03
-6.756091968860386543e-03
-7.802598405642071147e-03
-7.313793080786952505e-03
-6.343473698639148783e-03
-7.039242871925836462e-03
-6.276564849022263186e-03
-5.534280878363968294e-03
-7.446601612180920281e-03
-6.395632539774750991e-03
-7.554527037531522278e-03
-6.964497860807420185e-03
-7.869077593091947445e-03
-8.908621641557963253e-03
-6.529734413210005854e-03
-6.272169454283289119e-03
-6.039398818388158098e-03
-6.416884453210138124e-03
-8.986127654255528230e-03
-8.882976831987894270e-03
-7.146425288943736645e-03
-8.890764728986868051e-03
-7.912759800142827107e-03
-5.968421421011870127e-03
-6.659432967878579218e-03
-8.250028454376232348e-03
-6.681965394596716193e-03
-9.371572238995725876e-03
-6.305446584491224658e-03
-8.834027995076650791e-03
-6.068875455571925287e-03
-7.130214427230689364e-03
-7.362926605195788121e-03
-7.459751033288192223e-03
-8.137081567297900497e-03
-8.817460137951248569e-03
-6.317596987576287217e-03
-6.714354446908072684e-03
-8.246181963555537439e-03
-7.763463370372101872e-03
-7.299995880561871778e-03
-5.242463992276440859e-03
-8.484826405338489336e-03
-5.732129843060570877e-03
-7.326927921104680816e-03
-8.129581064303717172e-03
-7.492623473741836897e-03
-8.267470006243031119e-03
-6.337966518046886204e-03
-7.282763124206863802e-03
-7.452661344198553521e-03
-7.586394325245306158e-03
-6.907935334455970328e-03
-7.323050141265943606e-03
-7.250411306810535320e-03
-7.990475308340898308e-03
-5.539716816581353835e-03
-6.915227961414826575e-03
-6.397466689737878881e-03
-7.557037816638583969e-03
-6.998397553303383964e-03
-7.876030925665912855e-03
-6.586155657192873693e-03
-7.493703574632358186e-03
-6.305370335980367905e-03
-8.240340379170521881e-03
-7.609212683895100887e-03
-6.970901600760122038e-03
-5.680946386735217721e-03
-7.422193314977203714e-03
-6.458527412226688046e-03
-6.722375727444478838e-03
-6.349841205205840333e-03
-7.922818790736856076e-03
-6.410949030027748505e-03
-7.812766025862772495e-03
-8.374797786732552166e-03
-7.227842000416179191e-03
-5.975953529335898892e-03
-9.662487550264586486e-03
-6.256019436832002678e-03
-8.645483181637795764e-03
-7.612642197424264630e-03
-4.869952097712712362e-03
-5.911871810051813787e-03
-8.907997316359852341e-03
-6.488589324240488961e-03
-6.841914861200996088e-03
-7.548773911802504101e-03
-7.332666742834435293e-03
-7.836241601461315515e-03
-8.829802795336750762e-03
-7.696795681475744957e-03
-7.018938476404215296e-03
-8.217264109432661015e-03
-8.676224893630716042e-03
-8.375291294936080752e-03
-7.908206414818385460e-03
-8.564431004842621917e-03
-8.506259119015948528e-03
-7.223877854615138282e-03
-5.662804091141582577e-03
-7.457510725834111225e-03
-7.420236572820133533e-03
-7.014210559128276554e-03
-7.260130018054031416e-03
-7.491543337697031610e-03
-6.132558881846815815e-03
-6.347516737022230668e-03
-7.255814866203795510e-03
-6.526637471167947603e-03
-8.854819819790945082e-03
-7.059040768385149711e-03
-8.975871589101734258e-03
-7.460025383041066216e-03
-6.466763249251349967e-03
-8.106508030357017364e-03
-7.436600437266994990e-03
-4.995116869368127800e-03
-7.473640995274384753e-03
-6.132194984475565838e-03
-7.258165521000628506e-03
-6.933032334052758108e-03
-6.751922244331208522e-03
-9.650046722255379433e-03
-7.409861431913197273e-03
-8.160429894212620910e-03
-7.444142362194725547e-03
-9.475058586574928998e-03
-5.813250252885128477e-03
-7.887954960421732567e-03
-8.005377888636963646e-03
-7.609307344128727300e-03
-6.851082349617865566e-03
-8.455746014936794952e-03
-8.091296534859350811e-03
-7.671100862587439985e-03
-6.689826860752144319e-03
-8.893674302610170279e-03
-7.964924408064306266e-03
-8.492714591427261497e-03
-8.233061813129825476e-03
-7.892664696731752777e-03
-7.225340725651173066e-03
-6.447537960566664984e-03
-6.972016753233781922e-03
-7.347735573206319419e-03
-6.277347974539179351e-03
-7.611527153158608935e-03
-6.849409579561498498e-03
-6.981314234105668627e-03
-6.048956883414132943e-03
-6.205102835321749805e-03
