2.980023089065796105e-02
1.509103173227631378e-03
5.874125856660733502e-02
-1.165650349859865542e-01
-6.105942623998492080e-02
-1.894508500605972950e-03
-5.446127120794744952e-02
7.245496965007512669e-02
-8.551961410602898495e-02
-2.686991654587295945e-03
-5.015902293000325946e-02
-1.765836675944194942e-03
9.769534459057498121e-02
4.883422988879713988e-02
-4.749373038244761314e-02
-9.967038415577209043e-04
-5.502007180971447281e-02
-5.674451499031132190e-02
-3.186723758299758735e-02
-6.613456970132372548e-02
2.898085248934391400e-02
8.616695486374156832e-04
5.756246484559707915e-02
-1.174267285295296503e-01
-6.171895092674851979e-02
-3.135168244254384756e-03
-5.537003258349324636e-02
7.247691689728821829e-02
-8.660944601952069721e-02
-3.205475056968446184e-03
-5.054882053437338707e-02
-1.367142438513418295e-03
9.791329652788396953e-02
4.975581614591986779e-02
-4.707708706261588827e-02
-1.314724918699518991e-03
-5.559752433474787064e-02
-5.728027839268920451e-02
-3.293257460181819862e-02
-6.449779389152882070e-02
2.863415441718518764e-02
1.327752801111803382e-03
5.810833614257467084e-02
-1.175147136107421164e-01
-6.158907042395225795e-02
-2.808199496544238824e-03
-5.597208641059101680e-02
7.220798908228506785e-02
-8.625741786257841437e-02
-3.050563360763956528e-03
-5.060214806697233697e-02
-1.792434388740815230e-03
9.750764922371114862e-02
4.906723116799583534e-02
-4.699216518913479357e-02
-7.056573137984517921e-04
-5.443145229467361013e-02
-5.696358855297255913e-02
-3.196659917503698323e-02
-6.549117152485846305e-02
3.014059484453775889e-02
2.118599925336608208e-03
5.827818072428271601e-02
-1.161808794974620307e-01
-6.260769461409607106e-02
-1.274203799207939206e-03
-5.485019971787873094e-02
7.168200947998895622e-02
-8.576134032495388859e-02
-2.395346517179580866e-03
-5.023065482386284558e-02
-1.545556330892753098e-03
9.764024660711062564e-02
4.831689733632471562e-02
-4.728134352641309712e-02
-3.765437925039782571e-04
-5.536122668251837464e-02
-5.732497142287487635e-02
-3.167581030859953350e-02
-6.557511979816416092e-02
3.035787966512795699e-02
1.895616202876187345e-03
5.799517148128742472e-02
-1.179902311286638583e-01
-6.119174625682096552e-02
-2.040664121673425868e-03
-5.417055921470596835e-02
7.290061891089945345e-02
-8.547039108885064185e-02
-3.084154100786128984e-03
-5.063069152386328459e-02
-1.759637418597387098e-03
9.808482741489177315e-02
4.930488668966120924e-02
-4.671905015429792668e-02
-1.240808224885173346e-03
-5.417862800896654230e-02
-5.723167588154778884e-02
-3.155173297013044026e-02
-6.554904049779976261e-02
2.967715915060142179e-02
1.354926799630066375e-03
5.805411800747024842e-02
-1.166867638270226992e-01
-6.184591843243532339e-02
-2.078832209065743959e-03
-5.441803282930252755e-02
7.153004216841146734e-02
-8.575540214251881066e-02
-2.433993363669465816e-03
-5.159780301124385071e-02
-1.539659865556571808e-03
9.712024735472694903e-02
4.944749637993016422e-02
-4.738511258909229584e-02
-1.195135074731946273e-03
-5.489099096027492963e-02
-5.788898277438644935e-02
-3.131747736580917790e-02
-6.595991380377289048e-02
2.957752961119866630e-02
1.369063162964766905e-03
5.766775438950400706e-02
-1.173597740664074213e-01
-6.175654903260614781e-02
-2.985995635366266512e-03
-5.498747819536434905e-02
7.176698548117819987e-02
-8.613428463727570983e-02
-3.923157718442359457e-03
-5.058900545144102978e-02
-2.187104107010745362e-03
9.770066305369048965e-02
4.941373794416665383e-02
-4.701747437178800670e-02
-1.556817675213506905e-04
-5.493357885470522700e-02
-5.716966278505419136e-02
-3.072817462123563284e-02
-6.587729231534340812e-02
3.016278471770817218e-02
1.844404211835914270e-03
5.876459368274458694e-02
-1.172493125883723591e-01
-6.128951068369718064e-02
-1.788899574197572347e-03
-5.461482206791815758e-02
7.186953133714053810e-02
-8.562986258626653635e-02
-3.360541268513476953e-03
-5.051639967836501349e-02
-1.902730434092086325e-03
9.750498313692011754e-02
4.959634372862073426e-02
-4.666339396382696708e-02
-3.972574010609134648e-04
-5.511595845494578205e-02
-5.752631041719070970e-02
-3.130956805473325555e-02
-6.543317664321229854e-02
3.025314494355155551e-02
1.550129848171939717e-03
5.775903465716362983e-02
-1.172092921229921925e-01
-6.163847091731147754e-02
-2.606062900337342142e-03
-5.497488641211051297e-02
7.220227167461541751e-02
-8.575787448283664349e-02
-1.912733818893693101e-03
-5.005897119981714966e-02
-1.201936196133616963e-03
9.814461047235931157e-02
4.950430595683966845e-02
-4.699623214768140766e-02
-5.508665865851013546e-04
-5.540233426983037779e-02
-5.754011440919074016e-02
-3.210439984778719336e-02
-6.573473164721374551e-02
3.077702617516420158e-02
2.660634440108756993e-03
5.860446475035210878e-02
-1.170352352672669599e-01
-6.160530163022912009e-02
-1.119910741616214622e-03
-5.546733082133541159e-02
7.198587736187038455e-02
-8.516595830885775875e-02
-2.010615834898316599e-03
-5.033887389187262362e-02
-1.433579341063961291e-03
9.718761145813582802e-02
4.932087623274717531e-02
-4.562325826042540333e-02
-2.936930018971788472e-04
-5.515856945749308266e-02
-5.675360842855892846e-02
-3.110713754015010518e-02
-6.539855637875173489e-02
3.015900369161018599e-02
1.412246177701075023e-03
5.838444765225184185e-02
-1.160544899616936382e-01
-6.197820315571555411e-02
-1.368875834724094832e-03
-5.499008364714083608e-02
7.208254306226365149e-02
-8.615177897320713818e-02
-3.447456008180525919e-03
-5.031703273156570844e-02
-1.687901360885727016e-03
9.733720710647129903e-02
4.925407661428928691e-02
-4.668857840341532339e-02
-7.281819866059545399e-04
-5.460129479924374918e-02
-5.813660201731490895e-02
-3.144464044966478050e-02
-6.550478265219948637e-02
2.939581837304376666e-02
1.313101732437114977e-03
5.852301840339209360e-02
-1.174323251306703397e-01
-6.190299402466437756e-02
-1.825401267144328293e-03
-5.496536215519520763e-02
7.211650644173810132e-02
-8.714284122742897709e-02
-2.742020920633102699e-03
-5.010749229065216553e-02
-2.237655263895039354e-03
9.793444151083220695e-02
4.863000779433465648e-02
-4.668764274583850349e-02
-7.099383729935451401e-04
-5.482448807991901346e-02
-5.793355446822674726e-02
-3.120560584252375300e-02
-6.532762397292071754e-02
3.003555674331393269e-02
1.258293603032416275e-03
5.840749815020192248e-02
-1.171961726183733954e-01
-6.181738282698863440e-02
-2.380719336323468965e-03
-5.429817132115145883e-02
7.292136561716715260e-02
-8.635954069183071624e-02
-1.984770356910640215e-03
-5.080512140422050599e-02
-1.103388761691188489e-03
9.750134777480311266e-02
4.905791622786697531e-02
-4.693201114273234248e-02
-5.021108893122133363e-04
-5.488006998428856392e-02
-5.664596649486664665e-02
-3.222640951923494423e-02
-6.456681810139613953e-02
3.001013974605716908e-02
1.657643082967216741e-03
5.828188677854068134e-02
-1.179612337308728193e-01
-6.143384418655934570e-02
-1.304776339449878475e-03
-5.525833892447554185e-02
7.159996611140352629e-02
-8.549492491749853540e-02
-2.218850025934830748e-03
-5.106683654128085781e-02
-2.386228885895715079e-03
9.718913422678855663e-02
4.940183793390998113e-02
-4.733679970375773149e-02
-5.728146848063067620e-04
-5.482388906401786111e-02
-5.730012274394702398e-02
-3.175414216065620271e-02
-6.591451998478377317e-02
3.020861172401337683e-02
1.704323259290350251e-03
5.887978059022563881e-02
-1.165923677527506142e-01
-6.134380058985387796e-02
-8.431792859957890074e-04
-5.577117686832068488e-02
7.154670666999297934e-02
-8.588718924611246641e-02
-3.609810944248389736e-03
-5.111483768767966646e-02
-1.650874761373361367e-03
9.746251207442213627e-02
4.971742148211189677e-02
-4.596221851834813438e-02
-1.145040033243754050e-03
-5.448849436555121273e-02
-5.733194491718393571e-02
-3.149140507618235219e-02
-6.498642499536917694e-02
