-1.824230729677606133e-01
-1.820174837606501617e-01
-1.815297201436630592e-01
-1.817972715906276959e-01
-1.827000104407326131e-01
-1.829115496552253251e-01
-1.823396340983752806e-01
-1.824892183361779829e-01
-1.825938926894503100e-01
-1.829363650626157356e-01
-1.813359485431082774e-01
-1.825063690647522330e-01
-1.815395913682220086e-01
-1.819215725928087779e-01
-1.820855633172155374e-01
-1.859199417916189978e-01
-1.862068257437526353e-01
-1.862278531377586643e-01
-1.859640257573111910e-01
-1.868950682780573247e-01
-1.843153205419489904e-01
-1.851983540110119786e-01
-1.855140147155910912e-01
-1.852431258221588217e-01
-1.860259161030355934e-01
-1.859692385693654804e-01
-1.852819622224722851e-01
-1.855631563166309228e-01
-1.865824740306954999e-01
-1.868752046977436021e-01
-2.547667321802874266e-02
-2.523338752130601173e-02
-2.621747759329685207e-02
-2.493614650114244283e-02
-2.598533931799459212e-02
-2.459791809142857638e-02
-2.577870272712544722e-02
-2.505761556307496696e-02
-2.558135663042191560e-02
-2.562879913023549672e-02
-2.533003469836014529e-02
-2.643954088461938912e-02
-2.580777034985952401e-02
-2.549568528484785768e-02
-2.587083995019218846e-02
-8.359610224890091923e-02
-8.391179894924484517e-02
-8.418694221362242602e-02
-8.480672779465808775e-02
-8.332788695863081740e-02
-8.414170100442544542e-02
-8.458354163896826539e-02
-8.374394386881742203e-02
-8.418173858349271843e-02
-8.443013123266261688e-02
-8.458157402935739810e-02
-8.498635798173442835e-02
-8.430866097110427393e-02
-8.429627038777334769e-02
-8.428547159398447342e-02
-7.668461555828172405e-02
-7.839810667691590740e-02
-7.723815350609754271e-02
-7.692660026663553086e-02
-7.768240279628570166e-02
-7.709219792133052696e-02
-7.788194293717155825e-02
-7.744517047351948125e-02
-7.662700006357053839e-02
-7.647963736922745726e-02
-7.758359541895930300e-02
-7.774391920448685267e-02
-7.689426997839178546e-02
-7.722293494087828503e-02
-7.683537088800933279e-02
-3.416232620651440954e-02
-3.489653363936453395e-02
-3.501908296516880598e-02
-3.512733183401636761e-02
-3.377290406093819142e-02
-3.642357726305468779e-02
-3.640639007672127198e-02
-3.595991379351743539e-02
-3.395313377843922620e-02
-3.602506270065400362e-02
-3.425797882194918376e-02
-3.403499531305000103e-02
-3.434313499700900052e-02
-3.524678620407594581e-02
-3.494640579791240959e-02
-1.368530777001867038e-01
-1.365592049877453196e-01
-1.362012091814134018e-01
-1.348360200116745511e-01
-1.364030584241619770e-01
-1.366787702871138654e-01
-1.355586888425182046e-01
-1.362271484104215780e-01
-1.349287537833702422e-01
-1.370797993619864430e-01
-1.361079474370139875e-01
-1.361868932258433473e-01
-1.359054458606284710e-01
-1.365252707193760906e-01
-1.365918657488285615e-01
-9.264097163849896455e-02
-9.210856431542799316e-02
-9.237368166428157334e-02
-9.322027116594291951e-02
-9.234978668329330009e-02
-9.224720746108312774e-02
-9.250862150588319566e-02
-9.206227515861256649e-02
-9.380264448439196157e-02
-9.152222340125103217e-02
-9.305475107102706422e-02
-9.148830555728247604e-02
-9.306521440778084409e-02
-9.245618179828259120e-02
-9.075452474356004995e-02
-2.759853706186438799e-02
-2.664518393187225581e-02
-2.754968207785063114e-02
-2.635679133515023143e-02
-2.697704286682075375e-02
-2.679417703615045998e-02
-2.751445529484363925e-02
-2.617907867907054084e-02
-2.647147923085108739e-02
-2.624317361241088400e-02
-2.708926428433302072e-02
-2.690369476273355917e-02
-2.629045716533403090e-02
-2.741724565622027932e-02
-2.708113652257512771e-02
-4.414609341128660630e-02
-4.397870602161997600e-02
-4.373956906302201020e-02
-4.274877105968111213e-02
-4.263233705641244348e-02
-4.410149928589125051e-02
-4.334551655702343492e-02
-4.354920302114648895e-02
-4.353778911566592164e-02
-4.320066563102319818e-02
-4.373043106239834360e-02
-4.250529523511181046e-02
-4.356629845891661634e-02
-4.325282788493429315e-02
-4.232614752837118854e-02
