-2.579490063132694466e-01
-2.579458081398426361e-01
2.599849061727287913e-01
-2.647466757152888706e-01
2.579528401244629010e-01
2.316392542903592255e-01
8.389098254897582596e-02
2.617333766384162264e-01
-3.768008566778888874e-02
-9.730359419659180553e-02
-2.512840016917565200e-01
-3.477638565970318785e-02
2.630315111573092723e-01
-2.199518461589567431e-01
-2.485762709017474981e-01
2.527444694796297797e-02
5.318408728314185513e-02
-2.366665044515979532e-01
-5.646471796989327441e-02
-6.329441105276648050e-02
2.579405465496932837e-01
-2.579518898438790120e-01
-5.193869511155190660e-02
-5.376751336678334270e-02
2.560225866961087227e-01
1.021476260912103778e-01
1.543426405380681453e-02
1.495557301117912685e-01
-8.447912368684640239e-03
-2.117232915733726489e-02
7.896611267612138607e-02
8.650995993221867464e-02
3.758209098079271643e-02
1.100859857960387322e-01
-2.588013432343157505e-01
-7.339528432401626334e-02
2.101167038268329235e-01
1.786448843830542588e-01
6.008594747453305240e-02
-5.759271620278555437e-02
7.188738324537202740e-02
-2.579489989879582001e-01
2.584273157545304844e-01
2.579605370985214585e-01
-2.579593195820429341e-01
2.579426741197164419e-01
2.310775310469348753e-01
7.532507789638086260e-02
-2.310882765901515756e-01
-2.608495110499753356e-01
-3.191568785856464807e-02
-6.120235234979233552e-02
2.371440056531505525e-01
-2.031183711103610734e-01
-1.527080719462530628e-02
6.108372234292690217e-02
4.380135162752062106e-02
-2.131413377880134463e-01
-2.608351205997144207e-01
-1.586182292796083776e-02
9.478888534139974509e-02
-2.579290301315176892e-01
-2.579479212875495087e-01
-2.579611533949566216e-01
-2.409249652893747651e-01
5.779111770254655861e-02
-9.373519725606134501e-02
-2.579492595280692968e-01
7.575420734577573145e-02
2.360936523565690670e-01
1.129560527309691337e-02
-7.293886508231188504e-02
2.094769254887006993e-01
-4.937114638061548821e-02
-2.789390189695034952e-02
2.112748168876520671e-01
2.186835722801401816e-01
-8.329626022120025994e-03
-2.953419042974777479e-03
2.543508534962505424e-02
1.252704656947266626e-01
2.579487703399201415e-01
6.025678885377225291e-02
2.607522930872209765e-01
-2.585620391371958871e-01
3.564783413870408618e-02
-2.579381924766259160e-01
-6.499315491262989963e-02
3.899239645329097281e-02
2.635955764492244890e-01
3.369496272505353995e-02
-2.420314756908860110e-01
-5.807395370839306403e-02
-2.245376215126480834e-02
3.034617719911477871e-02
3.504482113385482683e-02
2.226439168519384337e-01
2.536605105467927279e-01
4.125657325767036893e-02
-7.036932120577890637e-02
5.173164785517344461e-02
-2.403453998594221597e-01
-1.427534993197317192e-01
-2.579529802667771543e-01
1.921175917444228887e-01
-2.591205690115165328e-01
-2.139997524805614115e-01
2.529337991503520233e-01
-1.706876020576680170e-02
5.494545965573058299e-02
7.042971483636376040e-02
-7.369865363594120533e-02
-2.262130764269031646e-01
-3.419463963891254763e-03
2.604138039301889251e-01
-2.584293827390137799e-01
-2.269805617513727669e-01
-2.289961518547312669e-01
-5.797621202676897512e-02
-6.142625467912037063e-02
2.602981091206155520e-02
2.805973344229985636e-02
2.579593118292326515e-01
2.579394452603754329e-01
-1.949487896483616534e-01
-2.579493293501526896e-01
5.973599626470836588e-02
2.114579132204767731e-01
-4.893212409453076561e-02
9.671093752809729882e-02
7.609694549942568054e-02
-6.451021167031541215e-02
7.613994545290489468e-02
2.156153560883127540e-01
6.071189326107044593e-02
5.860825210251977696e-02
-2.503410440926682745e-01
4.301578539083086850e-02
-1.889094438127530140e-01
1.699490945466700098e-01
2.579380634257639748e-01
2.579405890018983682e-01
2.177000884676874234e-02
-2.579437650886219902e-01
2.594885057100277392e-01
2.579466882701523800e-01
2.579331636337174327e-01
-4.960611178707266533e-02
-5.502689952390961425e-02
-4.923590997070027148e-02
6.753538366384666258e-02
2.319846029789674191e-01
5.545244468471340754e-02
1.817115650535498783e-01
3.101859543583987411e-02
-5.816561720845286887e-02
2.349914019242368146e-01
-7.914771346575212585e-02
-2.295299525773723814e-01
-6.999470024759844866e-02
-1.090153587218322534e-02
-2.579350299326023666e-01
5.607051277794636301e-02
-2.579497801842121629e-01
-2.579666200685780120e-01
2.584266099611426948e-01
5.792467984256438607e-02
2.579480580077087026e-01
-3.776729604839942911e-02
8.429029584981463652e-02
-3.601758776515076241e-03
-4.226142044962925837e-02
-2.579358056406722555e-01
-3.120088593962072696e-03
-1.722059667891462920e-01
4.236889242793294430e-02
-6.791822581194056907e-02
-3.742737953859143207e-02
2.272988553581443971e-01
-6.457533146414191905e-02
2.410474225324457931e-01
2.579613189502019677e-01
4.376500762415266171e-02
-2.001806055087168024e-01
-2.265722839439465730e-01
-7.013295033992759941e-02
6.539775394799955677e-02
-3.877038261124590018e-02
6.135250329353542781e-02
-7.124535953729242699e-02
-8.151158747725602283e-02
2.037675108941642554e-01
2.453957808506915805e-01
-4.997823308868866443e-02
2.903422973306075613e-02
2.579433209088822232e-01
-7.908220661356486769e-02
2.049938639934078266e-01
1.080064826640392689e-01
-6.876703496788061365e-02
