0.3121
0.0734
0.0326
-0.1232
-0.1808
0.0336
-0.0813
0.0917
-0.0721
0.0219
-0.0023
-0.0418
0.0890
0.1563
-0.1218
0.0639
0.0006
0.0166
-0.0511
-0.0960
0.3114
0.0722
0.0314
-0.1240
-0.1813
0.0333
-0.0817
0.0914
-0.0734
0.0204
-0.0028
-0.0408
0.0891
0.1564
-0.1218
0.0634
0.0007
0.0154
-0.0520
-0.0951
0.3114
0.0726
0.0321
-0.1239
-0.1811
0.0334
-0.0826
0.0910
-0.0724
0.0206
-0.0026
-0.0413
0.0886
0.1564
-0.1212
0.0635
0.0013
0.0155
-0.0512
-0.0958
0.3127
0.0739
0.0329
-0.1212
-0.1830
0.0336
-0.0820
0.0917
-0.0722
0.0227
-0.0019
-0.0422
0.0883
0.1565
-0.1225
0.0635
0.0005
0.0164
-0.0514
-0.0941
0.3125
0.0737
0.0314
-0.1250
-0.1807
0.0342
-0.0799
0.0919
-0.0727
0.0210
-0.0021
-0.0414
0.0899
0.1562
-0.1206
0.0637
0.0022
0.0156
-0.0511
-0.0961
0.3122
0.0734
0.0321
-0.1223
-0.1814
0.0335
-0.0809
0.0905
-0.0720
0.0229
-0.0037
-0.0419
0.0884
0.1568
-0.1219
0.0637
0.0015
0.0162
-0.0505
-0.0960
0.3120
0.0736
0.0321
-0.1228
-0.1820
0.0313
-0.0816
0.0915
-0.0728
0.0218
-0.0031
-0.0423
0.0890
0.1579
-0.1215
0.0641
0.0005
0.0162
-0.0513
-0.0948
0.3134
0.0736
0.0316
-0.1239
-0.1817
0.0332
-0.0821
0.0911
-0.0723
0.0222
-0.0017
-0.0430
0.0883
0.1590
-0.1218
0.0650
0.0026
0.0167
-0.0510
-0.0951
0.3121
0.0729
0.0326
-0.1229
-0.1807
0.0331
-0.0807
0.0910
-0.0733
0.0223
-0.0029
-0.0408
0.0901
0.1561
-0.1211
0.0642
0.0004
0.0153
-0.0517
-0.0962
0.3126
0.0741
0.0321
-0.1239
-0.1813
0.0349
-0.0811
0.0916
-0.0728
0.0223
-0.0024
-0.0406
0.0892
0.1562
-0.1199
0.0647
0.0006
0.0158
-0.0503
-0.0959
0.3128
0.0733
0.0327
-0.1217
-0.1820
0.0342
-0.0815
0.0912
-0.0735
0.0212
-0.0023
-0.0414
0.0882
0.1568
-0.1208
0.0637
0.0015
0.0153
-0.0510
-0.0946
0.3119
0.0730
0.0328
-0.1241
-0.1817
0.0336
-0.0818
0.0921
-0.0735
0.0217
-0.0022
-0.0417
0.0884
0.1556
-0.1216
0.0634
0.0007
0.0155
-0.0498
-0.0947
0.3124
0.0731
0.0325
-0.1235
-0.1814
0.0332
-0.0810
0.0919
-0.0736
0.0228
-0.0025
-0.0405
0.0889
0.1559
-0.1208
0.0638
0.0007
0.0157
-0.0517
-0.0942
0.3120
0.0735
0.0320
-0.1252
-0.1805
0.0346
-0.0814
0.0904
-0.0712
0.0220
-0.0037
-0.0415
0.0882
0.1567
-0.1218
0.0638
0.0009
0.0154
-0.0511
-0.0958
0.3125
0.0743
0.0330
-0.1225
-0.1816
0.0327
-0.0839
0.0919
-0.0712
0.0224
-0.0041
-0.0421
0.0881
0.1583
-0.1196
0.0622
-0.0002
0.0158
-0.0513
-0.0931
-0.0669
-0.0670
-0.0683
-0.0687
-0.0694
-0.0700
-0.0673
-0.0685
-0.0672
-0.0688
-0.0681
-0.0678
-0.0690
-0.0680
-0.0688
-0.0685
-0.0681
-0.0684
-0.0684
-0.0673
-0.0683
-0.0680
-0.0679
-0.0688
-0.0679
-0.0679
-0.0681
-0.0695
-0.0685
-0.0680
-0.0676
-0.0684
-0.0669
-0.0695
-0.0680
-0.0676
-0.0691
-0.0683
-0.0691
-0.0679
-0.0676
-0.0679
-0.0693
-0.0677
-0.0675
-0.0684
-0.0690
-0.0684
-0.0674
-0.0694
-0.0677
-0.0683
-0.0678
-0.0673
-0.0688
-0.0683
-0.0684
-0.0682
-0.0684
-0.0679
-0.0704
-0.0683
-0.0688
-0.0682
-0.0687
-0.0688
-0.0678
-0.0691
-0.0679
-0.0676
-0.0674
-0.0690
-0.0683
-0.0688
-0.0685
-0.0689
-0.0679
-0.0677
-0.0678
-0.0670
-0.0685
-0.0681
-0.0694
-0.0685
-0.0689
-0.0691
-0.0675
-0.0674
-0.0676
-0.0675
-0.0689
-0.0692
-0.0686
-0.0687
-0.0683
-0.0675
-0.0681
-0.0685
-0.0681
-0.0693
-0.0685
-0.0685
-0.0678
-0.0671
-0.0683
-0.0679
-0.0683
-0.0689
-0.0677
-0.0691
-0.0689
-0.0677
-0.0684
-0.0669
-0.0687
-0.0674
-0.0684
-0.0688
-0.0683
-0.0684
-0.0672
-0.0689
-0.0678
-0.0681
-0.0688
-0.0686
-0.0682
-0.0686
-0.0686
-0.0682
-0.0682
-0.0688
-0.0680
-0.0684
-0.0687
-0.0679
-0.0681
-0.0683
-0.0694
-0.0681
-0.0678
-0.0687
-0.0686
-0.0680
-0.0685
-0.0687
-0.0675
-0.0684
-0.0694
-0.0687
-0.0679
-0.0694
-0.0671
-0.0689
-0.0683
-0.0668
-0.0679
-0.0692
-0.0677
-0.0686
-0.0690
-0.0681
-0.0691
-0.0688
-0.0689
-0.0687
-0.0689
-0.0692
-0.0690
-0.0680
-0.0693
-0.0679
-0.0683
-0.0677
-0.0682
-0.0685
-0.0684
-0.0678
-0.0683
-0.0686
-0.0677
-0.0686
-0.0676
-0.0697
-0.0675
-0.0694
-0.0687
-0.0681
-0.0686
-0.0685
-0.0672
-0.0681
-0.0673
-0.0691
-0.0682
-0.0693
-0.0697
-0.0684
-0.0691
-0.0686
-0.0694
-0.0681
-0.0686
-0.0692
-0.0679
-0.0692
-0.0692
-0.0697
-0.0688
-0.0686
-0.0697
-0.0674
-0.0676
-0.0685
-0.0693
-0.0670
-0.0675
-0.0685
-0.0682
-0.0683
-0.0678
-0.0680
-0.0686
-0.0678
-0.0682
-0.0577
-0.0565
-0.0562
-0.0563
-0.0569
-0.0579
-0.0561
-0.0573
-0.0568
-0.0571
-0.0552
-0.0576
-0.0564
-0.0561
-0.0560
-0.3084
-0.3103
-0.3090
-0.3085
-0.3089
-0.3079
-0.3096
-0.3080
-0.3084
-0.3093
-0.3099
-0.3076
-0.3089
-0.3088
-0.3101
-0.0249
-0.0244
-0.0256
-0.0237
-0.0250
-0.0247
-0.0263
-0.0248
-0.0253
-0.0256
-0.0253
-0.0238
-0.0244
-0.0237
-0.0256
-0.0972
-0.0993
-0.0983
-0.0981
-0.0984
-0.0986
-0.0987
-0.0993
-0.0982
-0.0989
-0.0986
-0.1008
-0.0989
-0.0987
-0.0992
-0.2460
-0.2465
-0.2466
-0.2459
-0.2464
-0.2453
-0.2467
-0.2457
-0.2457
-0.2455
-0.2458
-0.2450
-0.2460
-0.2464
-0.2460
0.0143
0.0146
0.0145
0.0137
0.0143
0.0140
0.0145
0.0141
0.0135
0.0144
0.0151
0.0134
0.0139
0.0142
0.0153
-0.1696
-0.1689
-0.1692
-0.1677
-0.1684
-0.1691
-0.1685
-0.1675
-0.1700
-0.1700
-0.1695
-0.1670
-0.1681
-0.1684
-0.1682
-0.2062
-0.2063
-0.2062
-0.2080
-0.2064
-0.2065
-0.2061
-0.2065
-0.2060
-0.2059
-0.2061
-0.2061
-0.2068
-0.2077
-0.2064
-0.0716
-0.0715
-0.0722
-0.0710
-0.0736
-0.0727
-0.0732
-0.0711
-0.0722
-0.0708
-0.0717
-0.0726
-0.0722
-0.0722
-0.0708
-0.2114
-0.2115
-0.2115
-0.2113
-0.2115
-0.2119
-0.2113
-0.2119
-0.2103
-0.2116
-0.2107
-0.2102
-0.2116
-0.2121
-0.2107
