-1.0000
-1.0000
1.0000
-1.0000
1.0000
0.9991
0.9869
1.0000
0.9296
-0.9861
-0.9999
0.9285
1.0000
-0.9987
-0.9999
-0.0873
-0.3758
-0.9998
0.8183
0.1563
1.0000
-1.0000
0.8448
0.4100
0.9999
0.9840
0.9692
0.9910
0.9568
-0.9683
-0.7045
-0.0356
-0.3841
0.9887
-0.9999
0.5274
0.9968
0.9959
-0.8599
0.0636
-0.8176
-1.0000
1.0000
1.0000
-1.0000
1.0000
0.9997
-0.3585
-0.9984
-1.0000
0.1085
0.8106
0.9997
-0.9975
0.9495
-0.6247
-0.1932
-0.9985
-1.0000
-0.9652
-0.6671
-1.0000
-1.0000
-1.0000
-0.9999
-0.9132
0.7706
-1.0000
-0.5331
0.9995
0.9676
0.0323
0.9969
0.6739
0.9478
0.9967
0.9988
-0.9658
-0.9472
-0.9370
0.9888
1.0000
-0.3413
1.0000
-1.0000
-0.1667
-1.0000
0.6514
0.9788
1.0000
-0.0470
-0.9993
0.8676
0.9329
-0.9459
-0.9145
0.9988
0.9999
-0.8946
0.4257
-0.9048
-0.9999
-0.9949
-1.0000
0.9965
-1.0000
-0.9988
0.9998
0.9504
0.9801
-0.5094
0.8886
-0.9985
0.9550
1.0000
-1.0000
-0.9997
-0.9989
0.2017
0.7100
-0.9474
-0.9311
1.0000
1.0000
-0.9960
-1.0000
0.9813
0.9979
0.9132
0.9885
-0.5059
0.4934
-0.6802
0.9974
-0.6502
-0.8086
-0.9999
-0.8056
-0.9961
0.9943
1.0000
1.0000
-0.9479
-1.0000
1.0000
1.0000
1.0000
-0.9767
0.9253
0.8861
-0.7463
0.9998
-0.4698
0.9959
-0.9362
0.6680
0.9997
-0.9830
-0.9993
0.3785
0.0564
-1.0000
-0.5377
-1.0000
-1.0000
1.0000
-0.7295
1.0000
0.9352
-0.3688
0.9460
0.9186
-1.0000
-0.9571
-0.9957
-0.8534
0.0298
0.9309
0.9983
0.5500
0.9999
1.0000
-0.9011
-0.9971
-0.9996
0.3983
-0.7770
0.8886
0.9833
0.6461
0.0315
0.9978
0.9998
0.8906
-0.9460
1.0000
0.7721
0.9985
0.9847
0.1532
