0.0581
0.0441
-0.0717
0.1513
0.1003
-0.1723
0.0825
-0.1635
0.0872
0.0177
-0.0117
-0.0401
0.0069
-0.0101
0.0381
0.1245
0.0288
-0.0432
0.0239
0.0663
0.0575
0.0452
-0.0741
0.1532
0.0995
-0.1730
0.0852
-0.1648
0.0860
0.0150
-0.0111
-0.0383
0.0064
-0.0111
0.0399
0.1250
0.0320
-0.0458
0.0267
0.0670
0.0562
0.0452
-0.0730
0.1507
0.0994
-0.1722
0.0836
-0.1650
0.0855
0.0154
-0.0113
-0.0367
0.0088
-0.0140
0.0368
0.1242
0.0298
-0.0443
0.0270
0.0693
0.0581
0.0454
-0.0722
0.1512
0.0970
-0.1745
0.0834
-0.1630
0.0860
0.0160
-0.0108
-0.0380
0.0063
-0.0111
0.0358
0.1247
0.0314
-0.0427
0.0253
0.0681
0.0552
0.0444
-0.0706
0.1512
0.0974
-0.1704
0.0838
-0.1627
0.0855
0.0156
-0.0094
-0.0387
0.0086
-0.0112
0.0368
0.1225
0.0283
-0.0438
0.0265
0.0667
0.0575
0.0452
-0.0735
0.1531
0.0989
-0.1721
0.0830
-0.1652
0.0859
0.0162
-0.0111
-0.0365
0.0070
-0.0133
0.0355
0.1239
0.0299
-0.0441
0.0280
0.0688
0.0574
0.0464
-0.0714
0.1504
0.0988
-0.1748
0.0822
-0.1649
0.0862
0.0142
-0.0116
-0.0407
0.0051
-0.0112
0.0373
0.1232
0.0304
-0.0432
0.0264
0.0675
0.0547
0.0456
-0.0730
0.1510
0.0978
-0.1741
0.0817
-0.1652
0.0850
0.0137
-0.0123
-0.0386
0.0066
-0.0123
0.0363
0.1243
0.0324
-0.0456
0.0268
0.0677
0.0567
0.0443
-0.0700
0.1522
0.0986
-0.1745
0.0825
-0.1644
0.0855
0.0164
-0.0109
-0.0408
0.0058
-0.0117
0.0374
0.1245
0.0300
-0.0442
0.0265
0.0672
0.0560
0.0455
-0.0724
0.1510
0.0987
-0.1731
0.0832
-0.1630
0.0861
0.0167
-0.0110
-0.0379
0.0061
-0.0110
0.0367
0.1233
0.0287
-0.0445
0.0259
0.0668
0.0570
0.0453
-0.0722
0.1524
0.0998
-0.1730
0.0832
-0.1625
0.0852
0.0171
-0.0100
-0.0382
0.0068
-0.0118
0.0360
0.1247
0.0303
-0.0417
0.0261
0.0678
0.0560
0.0447
-0.0726
0.1503
0.0983
-0.1742
0.0812
-0.1647
0.0867
0.0150
-0.0107
-0.0370
0.0068
-0.0124
0.0362
0.1240
0.0308
-0.0443
0.0266
0.0680
0.0561
0.0465
-0.0715
0.1508
0.0982
-0.1739
0.0834
-0.1635
0.0845
0.0155
-0.0121
-0.0385
0.0070
-0.0096
0.0382
0.1242
0.0303
-0.0428
0.0254
0.0665
0.0582
0.0454
-0.0730
0.1513
0.0978
-0.1720
0.0817
-0.1646
0.0863
0.0167
-0.0103
-0.0375
0.0086
-0.0118
0.0375
0.1257
0.0306
-0.0428
0.0274
0.0665
0.0575
0.0446
-0.0718
0.1509
0.0994
-0.1722
0.0834
-0.1638
0.0860
0.0164
-0.0092
-0.0386
0.0073
-0.0119
0.0369
0.1240
0.0294
-0.0428
0.0264
0.0668
-0.3325
-0.3309
-0.3325
-0.3309
-0.3323
-0.3319
-0.3326
-0.3320
-0.3319
-0.3324
-0.3325
-0.3319
-0.3322
-0.3322
-0.3335
-0.3330
-0.3324
-0.3312
-0.3338
-0.3317
-0.3314
-0.3319
-0.3316
-0.3317
-0.3314
-0.3325
-0.3328
-0.3341
-0.3300
-0.3330
-0.3324
-0.3340
-0.3320
-0.3311
-0.3327
-0.3320
-0.3314
-0.3338
-0.3310
-0.3337
-0.3319
-0.3311
-0.3339
-0.3318
-0.3344
-0.3316
-0.3316
-0.3334
-0.3332
-0.3310
-0.3324
-0.3329
-0.3327
-0.3327
-0.3325
-0.3324
-0.3312
-0.3316
-0.3315
-0.3338
-0.3316
-0.3318
-0.3316
-0.3317
-0.3323
-0.3319
-0.3328
-0.3333
-0.3323
-0.3310
-0.3319
-0.3317
-0.3315
-0.3322
-0.3325
-0.3330
-0.3327
-0.3318
-0.3334
-0.3332
-0.3326
-0.3324
-0.3324
-0.3329
-0.3319
-0.3321
-0.3329
-0.3325
-0.3328
-0.3332
-0.3338
-0.3330
-0.3328
-0.3329
-0.3319
-0.3311
-0.3324
-0.3316
-0.3311
-0.3312
-0.3325
-0.3319
-0.3326
-0.3328
-0.3342
-0.3316
-0.3322
-0.3311
-0.3313
-0.3308
-0.3323
-0.3314
-0.3341
-0.3309
-0.3339
-0.3326
-0.3342
-0.3326
-0.3334
-0.3321
-0.3331
-0.3320
-0.3322
-0.3323
-0.3321
-0.3314
-0.3331
-0.3312
-0.3320
-0.3340
-0.3314
-0.3319
-0.3330
-0.3316
-0.3325
-0.3347
-0.3322
-0.3322
-0.3332
-0.3302
-0.3327
-0.3332
-0.3311
-0.3313
-0.3342
-0.3317
-0.3304
-0.3317
-0.3317
-0.3329
-0.3307
-0.3320
-0.3320
-0.3318
-0.3319
-0.3330
-0.3310
-0.3319
-0.3310
-0.3329
-0.3329
-0.3312
-0.3317
-0.3326
-0.3321
-0.3333
-0.3320
-0.3318
-0.3334
-0.3315
-0.3336
-0.3325
-0.3330
-0.3323
-0.3332
-0.3323
-0.3303
-0.3330
-0.3328
-0.3331
-0.3312
-0.3318
-0.3333
-0.3330
-0.3318
-0.3331
-0.3324
-0.3323
-0.3315
-0.3333
-0.3323
-0.3320
-0.3334
-0.3336
-0.3329
-0.3335
-0.3323
-0.3326
-0.3311
-0.3322
-0.3331
-0.3323
-0.3320
-0.3323
-0.3328
-0.3325
-0.3326
-0.3314
-0.3327
-0.3321
-0.3331
-0.3317
-0.3320
-0.3325
-0.3318
-0.3322
-0.3294
-0.3304
-0.3336
-0.3322
-0.3318
-0.3317
-0.3317
-0.3321
-0.3332
-0.1804
-0.1805
-0.1813
-0.1809
-0.1822
-0.1786
-0.1801
-0.1807
-0.1806
-0.1811
-0.1808
-0.1801
-0.1796
-0.1801
-0.1806
-0.1293
-0.1293
-0.1317
-0.1296
-0.1298
-0.1315
-0.1293
-0.1296
-0.1294
-0.1304
-0.1314
-0.1298
-0.1323
-0.1295
-0.1298
-0.2240
-0.2232
-0.2250
-0.2229
-0.2226
-0.2241
-0.2240
-0.2235
-0.2230
-0.2230
-0.2230
-0.2227
-0.2228
-0.2238
-0.2224
-0.1086
-0.1097
-0.1109
-0.1092
-0.1108
-0.1098
-0.1082
-0.1101
-0.1093
-0.1085
-0.1101
-0.1106
-0.1107
-0.1083
-0.1088
-0.2809
-0.2804
-0.2808
-0.2803
-0.2790
-0.2834
-0.2815
-0.2799
-0.2812
-0.2811
-0.2814
-0.2794
-0.2791
-0.2817
-0.2817
-0.2456
-0.2443
-0.2428
-0.2441
-0.2446
-0.2447
-0.2434
-0.2448
-0.2445
-0.2439
-0.2433
-0.2441
-0.2440
-0.2444
-0.2449
-0.1560
-0.1560
-0.1580
-0.1566
-0.1562
-0.1571
-0.1560
-0.1557
-0.1573
-0.1566
-0.1559
-0.1556
-0.1549
-0.1591
-0.1571
-0.1255
-0.1250
-0.1237
-0.1262
-0.1271
-0.1253
-0.1253
-0.1256
-0.1246
-0.1258
-0.1261
-0.1244
-0.1267
-0.1257
-0.1255
-0.1092
-0.1084
-0.1079
-0.1093
-0.1052
-0.1071
-0.1078
-0.1071
-0.1079
-0.1079
-0.1062
-0.1071
-0.1074
-0.1083
-0.1083
-0.1550
-0.1524
-0.1533
-0.1538
-0.1527
-0.1536
-0.1544
-0.1544
-0.1529
-0.1533
-0.1527
-0.1538
-0.1531
-0.1541
-0.1547
