0.0127
-0.0301
0.0176
-0.0756
-0.0368
0.0094
0.0448
-0.0073
-0.0513
0.0733
-0.0225
-0.0219
0.1391
-0.0005
-0.0046
0.1745
-0.0583
-0.0549
-0.0308
-0.0750
0.0080
-0.0308
0.0197
-0.0789
-0.0315
0.0104
0.0432
0.0001
-0.0539
0.0669
-0.0252
-0.0183
0.1385
-0.0012
-0.0136
0.1742
-0.0553
-0.0460
-0.0214
-0.0758
0.0151
-0.0280
0.0208
-0.0776
-0.0311
0.0085
0.0420
-0.0033
-0.0466
0.0760
-0.0195
-0.0257
0.1340
0.0004
-0.0128
0.1748
-0.0516
-0.0476
-0.0281
-0.0750
0.0074
-0.0357
0.0242
-0.0747
-0.0323
0.0124
0.0491
0.0027
-0.0598
0.0647
-0.0245
-0.0230
0.1406
-0.0029
-0.0142
0.1717
-0.0553
-0.0579
-0.0281
-0.0711
0.0107
-0.0353
0.0185
-0.0758
-0.0333
0.0103
0.0405
-0.0043
-0.0526
0.0709
-0.0213
-0.0264
0.1385
0.0020
-0.0107
0.1748
-0.0494
-0.0529
-0.0334
-0.0776
0.0072
-0.0336
0.0181
-0.0783
-0.0329
0.0117
0.0461
-0.0018
-0.0514
0.0689
-0.0194
-0.0237
0.1328
-0.0008
-0.0141
0.1823
-0.0518
-0.0539
-0.0290
-0.0756
0.0117
-0.0295
0.0216
-0.0755
-0.0360
0.0101
0.0438
-0.0003
-0.0502
0.0729
-0.0243
-0.0234
0.1352
-0.0019
-0.0166
0.1752
-0.0515
-0.0543
-0.0285
-0.0764
0.0123
-0.0266
0.0176
-0.0728
-0.0366
0.0037
0.0441
0.0007
-0.0528
0.0755
-0.0219
-0.0231
0.1401
-0.0008
-0.0170
0.1826
-0.0532
-0.0500
-0.0304
-0.0722
0.0079
-0.0312
0.0205
-0.0787
-0.0410
0.0059
0.0400
-0.0009
-0.0490
0.0763
-0.0220
-0.0199
0.1411
-0.0045
-0.0124
0.1709
-0.0606
-0.0526
-0.0255
-0.0732
0.0099
-0.0310
0.0200
-0.0750
-0.0373
0.0063
0.0447
0.0066
-0.0485
0.0675
-0.0258
-0.0175
0.1361
-0.0019
-0.0128
0.1783
-0.0551
-0.0444
-0.0270
-0.0717
0.0116
-0.0325
0.0180
-0.0744
-0.0383
0.0113
0.0440
-0.0068
-0.0547
0.0766
-0.0240
-0.0240
0.1411
0.0058
-0.0145
0.1771
-0.0515
-0.0498
-0.0262
-0.0759
0.0094
-0.0268
0.0190
-0.0731
-0.0389
0.0077
0.0445
0.0015
-0.0482
0.0745
-0.0224
-0.0219
0.1349
-0.0007
-0.0165
0.1756
-0.0578
-0.0530
-0.0295
-0.0687
0.0108
-0.0318
0.0204
-0.0779
-0.0370
0.0091
0.0478
-0.0048
-0.0567
0.0680
-0.0238
-0.0183
0.1394
0.0054
-0.0142
0.1740
-0.0563
-0.0521
-0.0279
-0.0724
0.0103
-0.0327
0.0177
-0.0723
-0.0370
0.0076
0.0497
-0.0010
-0.0488
0.0758
-0.0224
-0.0198
0.1371
0.0028
-0.0149
0.1776
-0.0532
-0.0568
-0.0307
-0.0751
0.0116
-0.0289
0.0191
-0.0750
-0.0359
0.0055
0.0405
0.0003
-0.0533
0.0710
-0.0232
-0.0273
0.1326
-0.0017
-0.0126
0.1704
-0.0578
-0.0414
-0.0247
-0.0686
-0.2346
-0.2386
-0.2443
-0.2356
-0.2383
-0.2392
-0.2349
-0.2428
-0.2435
-0.2385
-0.2451
-0.2356
-0.2387
-0.2367
-0.2382
-0.2395
-0.2401
-0.2426
-0.2352
-0.2410
-0.2383
-0.2405
-0.2346
-0.2430
-0.2374
-0.2425
-0.2374
-0.2372
-0.2418
-0.2401
-0.2421
-0.2394
-0.2364
-0.2362
-0.2358
-0.2398
-0.2407
-0.2374
-0.2319
-0.2386
-0.2391
-0.2380
-0.2387
-0.2413
-0.2453
-0.2379
-0.2380
-0.2385
-0.2359
-0.2417
-0.2334
-0.2373
-0.2382
-0.2420
-0.2430
-0.2405
-0.2394
-0.2365
-0.2424
-0.2394
-0.2392
-0.2376
-0.2333
-0.2336
-0.2357
-0.2403
-0.2421
-0.2418
-0.2383
-0.2340
-0.2422
-0.2375
-0.2376
-0.2438
-0.2380
-0.2418
-0.2366
-0.2387
-0.2381
-0.2404
-0.2344
-0.2379
-0.2409
-0.2398
-0.2431
-0.2336
-0.2362
-0.2398
-0.2392
-0.2428
-0.2375
-0.2401
-0.2385
-0.2415
-0.2384
-0.2381
-0.2368
-0.2356
-0.2350
-0.2368
-0.2402
-0.2365
-0.2414
-0.2405
-0.2324
-0.2426
-0.2404
-0.2418
-0.2380
-0.2387
-0.2444
-0.2386
-0.2344
-0.2422
-0.2399
-0.2384
-0.2339
-0.2393
-0.2437
-0.2400
-0.2397
-0.2383
-0.2423
-0.2370
-0.2406
-0.2386
-0.2416
-0.2353
-0.2408
-0.2351
-0.2404
-0.2370
-0.2418
-0.2382
-0.2397
-0.2386
-0.2376
-0.2390
-0.2407
-0.2346
-0.2378
-0.2420
-0.2382
-0.2323
-0.2361
-0.2376
-0.2339
-0.2394
-0.2432
-0.2369
-0.2409
-0.2341
-0.2417
-0.2387
-0.2356
-0.2324
-0.2347
-0.2416
-0.2363
-0.2378
-0.2376
-0.2380
-0.2395
-0.2399
-0.2342
-0.2387
-0.2371
-0.2376
-0.2397
-0.2357
-0.2387
-0.2391
-0.2390
-0.2324
-0.2405
-0.2353
-0.2394
-0.2378
-0.2459
-0.2357
-0.2354
-0.2399
-0.2370
-0.2366
-0.2365
-0.2397
-0.2360
-0.2356
-0.2360
-0.2415
-0.2362
-0.2344
-0.2333
-0.2395
-0.2397
-0.2420
-0.2399
-0.2439
-0.2402
-0.2328
-0.2410
-0.2321
-0.2380
-0.2431
-0.2458
-0.2397
-0.2396
-0.2429
-0.2407
-0.2414
-0.2366
-0.2412
-0.2349
-0.2351
-0.2321
-0.2383
-0.2354
-0.2392
-0.2407
-0.2348
-0.2387
-0.2355
-0.2349
-0.2360
-0.2358
-0.2656
-0.2634
-0.2605
-0.2656
-0.2610
-0.2607
-0.2655
-0.2651
-0.2639
-0.2699
-0.2589
-0.2614
-0.2655
-0.2655
-0.2637
-0.2210
-0.2231
-0.2259
-0.2202
-0.2197
-0.2221
-0.2211
-0.2205
-0.2173
-0.2225
-0.2278
-0.2268
-0.2259
-0.2178
-0.2228
-0.1220
-0.1194
-0.1155
-0.1178
-0.1212
-0.1162
-0.1204
-0.1175
-0.1196
-0.1192
-0.1204
-0.1181
-0.1220
-0.1252
-0.1155
-0.2585
-0.2538
-0.2534
-0.2628
-0.2559
-0.2547
-0.2634
-0.2550
-0.2569
-0.2563
-0.2588
-0.2620
-0.2600
-0.2536
-0.2557
-0.1899
-0.1887
-0.1903
-0.1846
-0.1897
-0.1950
-0.1886
-0.1931
-0.1873
-0.1874
-0.1879
-0.1870
-0.1855
-0.1901
-0.1920
-0.1291
-0.1260
-0.1250
-0.1299
-0.1276
-0.1256
-0.1360
-0.1293
-0.1376
-0.1296
-0.1298
-0.1347
-0.1347
-0.1316
-0.1290
-0.2270
-0.2323
-0.2286
-0.2252
-0.2301
-0.2331
-0.2337
-0.2283
-0.2303
-0.2339
-0.2311
-0.2289
-0.2306
-0.2288
-0.2298
-0.2105
-0.2046
-0.2069
-0.2127
-0.2112
-0.2077
-0.2073
-0.2063
-0.2080
-0.2068
-0.2071
-0.2075
-0.2034
-0.2083
-0.2053
-0.1395
-0.1410
-0.1427
-0.1409
-0.1404
-0.1397
-0.1388
-0.1376
-0.1376
-0.1374
-0.1392
-0.1372
-0.1432
-0.1392
-0.1398
-0.2079
-0.1913
-0.2043
-0.2021
-0.1997
-0.2018
-0.1992
-0.2024
-0.1981
-0.1952
-0.1993
-0.2027
-0.1932
-0.2009
-0.2028
