-1.156989311306108083e-02
-2.846299314012119830e-02
4.901041624961110371e-02
4.567219763541689043e-03
-2.710368614156629177e-02
-2.394926456100135437e-02
8.725410279136928265e-03
1.562035609734532295e-02
-1.693291623493427614e-02
3.029201200833397251e-02
-1.048900050403501344e-02
-1.468583553239843735e-02
7.256683509895185680e-02
-1.743791701686904158e-02
-5.079636234023728568e-03
6.584696871145920283e-02
-4.184395150385886164e-02
-3.826631480288313764e-02
-2.186862053706418660e-02
-2.072945866285388211e-02
-1.187438652749561903e-02
-2.757135830584127659e-02
4.857685790035111417e-02
4.321610675075046246e-03
-2.589512725180570518e-02
-2.545889971315274183e-02
9.079165380006987834e-03
1.557788906971723127e-02
-1.680204439521117143e-02
3.007426606058658664e-02
-1.126028177021285229e-02
-1.313579083195864049e-02
7.212293964405712410e-02
-1.800029525049795173e-02
-6.192954982520092709e-03
6.664611553213030393e-02
-4.166647070689983440e-02
-3.851399155790363044e-02
-2.018505027998179768e-02
-2.254359518528831902e-02
-1.110609142183138776e-02
-2.711901702075263099e-02
4.940942556002567848e-02
4.110884262897821981e-03
-2.663299486313781481e-02
-2.410456642741904201e-02
9.714649702497276176e-03
1.478028203524325151e-02
-1.591191948881713267e-02
2.951937350229611942e-02
-1.083028701710148263e-02
-1.402831828336540028e-02
7.163306050250574375e-02
-1.875131215524955194e-02
-6.828719448867074174e-03
6.661259224714845273e-02
-4.024593470990723426e-02
-3.849719077725785588e-02
-2.171016754693437523e-02
-2.109922739819901361e-02
-1.141582358698117750e-02
-2.776625518442310883e-02
4.904875212073556145e-02
4.646631208946383658e-03
-2.720344450675842712e-02
-2.472102492990655917e-02
1.014782605967679864e-02
1.674808106387851506e-02
-1.683995780154070795e-02
2.999775559759917248e-02
-1.117302688364513186e-02
-1.310987241983566261e-02
7.175141243323311657e-02
-1.891863689236369592e-02
-7.180162009349092163e-03
6.731956498898965247e-02
-4.086738332322405881e-02
-3.832719294358619133e-02
-2.113164823792900229e-02
-2.057563222913702181e-02
-1.132025619623838048e-02
-2.771654496449138874e-02
4.959076197399999580e-02
4.905896033414739593e-03
-2.597889856213151868e-02
-2.491478431218386094e-02
1.002676287886729127e-02
1.469054452000145665e-02
-1.806555094741642276e-02
2.953292147354436015e-02
-1.158207818441343503e-02
-1.450728011432419855e-02
7.071076955803505537e-02
-1.786256281507744154e-02
-6.864918618911477859e-03
6.811042555429319689e-02
-4.042059671194006554e-02
-3.970629036442077653e-02
-2.111328308520809410e-02
-2.168797012565123333e-02
-1.143082181580043835e-02
-2.781595088655817657e-02
4.748595980023413710e-02
3.556556046415405153e-03
-2.643749777115076208e-02
-2.535018014806407483e-02
9.796709121645926638e-03
1.534618588922373461e-02
-1.670669484645131292e-02
3.042938463401095167e-02
-1.007208614970840285e-02
-1.427469665915010941e-02
7.134203275250627918e-02
-1.891030144824548329e-02
-6.174785058279712996e-03
6.709631508361568741e-02
-4.092564835658498573e-02
-3.831971154868688695e-02
-2.100523700431493682e-02
-2.233046664114357246e-02
-1.083012667893912262e-02
-2.774205025991944434e-02
4.855756280492089932e-02
3.634050236182955352e-03
-2.714258306115657771e-02
-2.384066673223712157e-02
9.622762059533095449e-03
1.490229013911918005e-02
-1.643863959737286787e-02
3.139102420743767469e-02
-1.110812191800840745e-02
-1.456100364292229124e-02
7.094731369866652537e-02
-1.906304554041195545e-02
-5.495534848518600704e-03
6.829371579318983809e-02
-4.077279194255990780e-02
-3.888404312537122043e-02
-2.100493434698709472e-02
-2.244150538886466317e-02
-1.069544432783365445e-02
-2.782797527908978386e-02
4.867682843012462873e-02
4.081260846937202411e-03
-2.787646477879199280e-02
-2.505346681605435943e-02
9.706544674660422256e-03
1.520704954781380847e-02
-1.727844742517819707e-02
3.069300361995092735e-02
-1.065328651706171775e-02
-1.285762693584304589e-02
7.084592945328803404e-02
-1.795931846526896414e-02
-6.637618401796590434e-03
6.805205708664048558e-02
-4.140566283485869192e-02
-3.815751137612435895e-02
-2.148318681983950318e-02
-2.218873641018273557e-02
-1.194598604131319117e-02
-2.774083260721754013e-02
4.841025318996092924e-02
4.335339044675399350e-03
-2.710255482540777430e-02
-2.457818897950584530e-02
9.733115835549388875e-03
1.513124946619549306e-02
-1.718176360569979161e-02
3.095135738732956651e-02
-9.683510248378766547e-03
-1.421394619809677844e-02
7.199388263342945682e-02
-1.888281557416784245e-02
-5.862783082946045748e-03
6.578962739804836146e-02
-4.143591574085946083e-02
-4.030050972282239047e-02
-2.133108887120635511e-02
-2.235607651973456345e-02
-1.108329459180955323e-02
-2.757072265427825894e-02
4.765276422401533429e-02
4.474938435621068217e-03
-2.729216899681871297e-02
-2.547825331530605489e-02
8.555511524142200147e-03
1.561977599816761868e-02
-1.718164834617526629e-02
3.006929375413563976e-02
-1.095109981109347944e-02
-1.376040573314974390e-02
7.242139977853860600e-02
-1.739591062707505562e-02
-6.640584678677179283e-03
6.776136992750884935e-02
-4.036385329789185517e-02
-3.818030622120045098e-02
-2.173779387076103797e-02
-2.153202537367791478e-02
-1.029628993605575735e-02
-2.825622105424562686e-02
4.984947609671533386e-02
4.109449542177805517e-03
-2.604863145600529173e-02
-2.480724382882401255e-02
9.841244178869111223e-03
1.578387740819878898e-02
-1.558733177604148569e-02
3.029837298156249151e-02
-1.149997054416234885e-02
-1.453251968590408595e-02
7.119865059517960226e-02
-1.791461057870764872e-02
-7.959072929736259530e-03
6.719160685199251914e-02
-4.003284506207523130e-02
-3.841146932891569693e-02
-2.079243664520301002e-02
-2.210048339838863868e-02
-1.201248238678617394e-02
-2.749417178636773956e-02
4.969965878170302942e-02
4.568486564144174158e-03
-2.669450469514720106e-02
-2.483581659309947592e-02
8.728225283423185141e-03
1.545778466464411798e-02
-1.696205555206521665e-02
2.969638152501712786e-02
-9.357584664141473108e-03
-1.419239688915409012e-02
7.117668351343607591e-02
-1.966177820894587577e-02
-7.369957675881302211e-03
6.750642356050728932e-02
-4.121141305167715096e-02
-3.908015961620956574e-02
-2.038558608494656782e-02
-2.158161853424483967e-02
-1.163868285443445116e-02
-2.832463530306635405e-02
4.902723103353424927e-02
4.590272040478788999e-03
-2.719287376647180204e-02
-2.508017751147315760e-02
1.076782747114514438e-02
1.552186910913916362e-02
-1.644809487457693509e-02
2.981225441862075248e-02
-1.115194888215763867e-02
-1.408420673808250846e-02
7.197031578108513405e-02
-1.762517445882890582e-02
-5.874778324825482255e-03
6.643553312217154172e-02
-4.129374741814934718e-02
-3.935974918737896594e-02
-2.110034194492152113e-02
-2.104563943716524985e-02
-1.097922270097177050e-02
-2.811369734468745565e-02
4.959600246547424957e-02
4.054089220563166993e-03
-2.600487729008871957e-02
-2.364280991986155572e-02
9.453415146394120519e-03
1.532676429541860591e-02
-1.591091114051481487e-02
2.959210971291292500e-02
-1.057299266395208583e-02
-1.395344402576683719e-02
7.146290202111216239e-02
-1.840825884137136867e-02
-6.655714240714110178e-03
6.759346454283828021e-02
-4.099547822478018938e-02
-3.967162523072192276e-02
-2.135557105374464096e-02
-2.202269357441950792e-02
-1.154786175524930708e-02
-2.773170099171381672e-02
4.849783014804311815e-02
3.220211588339171819e-03
-2.711625472745953988e-02
-2.497498904934870867e-02
9.069087746018838700e-03
1.578777487219520242e-02
-1.671117684198628051e-02
3.029015411403643970e-02
-1.173281679696614593e-02
-1.512394607674301047e-02
7.146401611502851969e-02
-1.808596938402085713e-02
-5.846704789061246341e-03
6.698080595970193341e-02
-4.063553769831827062e-02
-3.848924678785688169e-02
-2.119321888596979384e-02
-2.113071827747661779e-02
-9.161461522708352900e-02
-9.198323108989943375e-02
-9.222668179824622392e-02
-9.305169546121201674e-02
-9.224389071989043398e-02
-9.257788462316444977e-02
-9.209096653734961946e-02
-9.313109928928203773e-02
-9.143372278865771752e-02
-9.226888397774218875e-02
-9.312929446519743748e-02
-9.194063815975660192e-02
-9.234474540258202913e-02
-9.278613476621642986e-02
-9.279418117800707078e-02
-9.244793135238395243e-02
-9.229583252867971932e-02
-9.269527107719892356e-02
-9.239236844187040387e-02
-9.188195962710613007e-02
-9.255034825076122185e-02
-9.180221724899370606e-02
-9.301440054570687954e-02
-9.243151482388675677e-02
-9.159985405223476651e-02
-9.284871865387878120e-02
-9.276217058772041890e-02
-9.151012974287113522e-02
-9.233356246753028629e-02
-9.243701880146809602e-02
-9.302176449677747316e-02
-9.371488447197956484e-02
-9.189285621120051040e-02
-9.196191633618164274e-02
-9.232322261475259251e-02
-9.172582815452158533e-02
-9.308256545084957201e-02
-9.179020785062855237e-02
-9.190873298440530026e-02
-9.239846783174303357e-02
-9.220255059503498773e-02
-9.183293175943586795e-02
-9.199129750812917727e-02
-9.319731213985038565e-02
-9.357036204666294155e-02
-9.176207678837383641e-02
-9.300929644238326022e-02
-9.211201585174949580e-02
-9.366648921355802404e-02
-9.314389228009581356e-02
-9.201904019324282091e-02
-9.123435321051918956e-02
-9.268403706619644800e-02
-9.315318443801161308e-02
-9.222439238735631595e-02
-9.266140372320164076e-02
-9.266266426487766716e-02
-9.303453058563448952e-02
-9.265256566533930371e-02
-9.124395722297458378e-02
-9.285623905478029849e-02
-9.249442524543184663e-02
-9.071350954159138058e-02
-9.087524626899828872e-02
-9.282633911304377650e-02
-9.297704131636638780e-02
-9.243387268497114950e-02
-9.324661172172513113e-02
-9.329571528526096891e-02
-9.335058994257812437e-02
-9.296405795360629387e-02
-9.252457991252927005e-02
-9.346589733870563910e-02
-9.309490730994955665e-02
-9.288193491215430975e-02
-9.345300550891691427e-02
-9.294774989922670316e-02
-9.313570448211680453e-02
-9.263685401654593587e-02
-9.170954971773132014e-02
-9.212056253377230719e-02
-9.155483476397088816e-02
-9.330836234407523244e-02
-9.338495902657316383e-02
-9.209199777096149786e-02
-9.168472846689483535e-02
-9.215963972638202550e-02
-9.345433057921118114e-02
-9.187015433576191381e-02
-9.277757574646809668e-02
-9.164135071695911350e-02
-9.240410749662668344e-02
-9.296588452779611100e-02
-9.168318227755141436e-02
-9.209539831493405992e-02
-9.267945738438816694e-02
-9.275531301908079840e-02
-9.230268933295125711e-02
-9.268506931261139004e-02
-9.211907807065292109e-02
-9.316043105222394927e-02
-9.261724916835575860e-02
-9.244160436269426018e-02
-9.227066822609850116e-02
-9.185246387748483010e-02
-9.319083889512901064e-02
-9.284902829617053266e-02
-9.252686808136632857e-02
-9.235047689912773139e-02
-9.188560511161965316e-02
-9.332533673774405514e-02
-9.236454735812765771e-02
-9.261821795719586692e-02
-9.365213857597207148e-02
-9.195787022112944520e-02
-9.238037996408436647e-02
-9.244656093899285276e-02
-9.306482997191697915e-02
-9.243708955788054737e-02
-9.298013784721433084e-02
-9.292123454073049349e-02
-9.155290155179750256e-02
-9.215793327121103717e-02
-9.202575127127843313e-02
-9.274456811445612459e-02
-9.192936009605047476e-02
-9.277955609295965300e-02
-9.290664238860224522e-02
-9.216831439588885067e-02
-9.236717206204121677e-02
-9.294482987083185765e-02
-9.366870488556296170e-02
-9.410608432964488734e-02
-9.293149877926666635e-02
-9.335564635747675699e-02
-9.284913860259064178e-02
-9.236624182693714546e-02
-9.328189023773927890e-02
-9.215665251530998081e-02
-9.168547128055304363e-02
-9.247250258591707683e-02
-9.265102150836465600e-02
-9.305193529854167978e-02
-9.243339416619647531e-02
-9.290588127649455907e-02
-9.174462017537854397e-02
-9.164038080976547040e-02
-9.298640976813800363e-02
-9.247273550557204291e-02
-9.097964073648262540e-02
-9.291219410138557011e-02
-9.320041186674660194e-02
-9.228102379994379545e-02
-9.199359649238959824e-02
-9.124716499162793815e-02
-9.218460319016168192e-02
-9.223053183679071065e-02
-9.344456714040116907e-02
-9.303507222970081036e-02
-9.285611619254149907e-02
-9.182050711914310770e-02
-9.253199826844410447e-02
-9.246475585068769654e-02
-9.288390717882714920e-02
-9.248960448884749330e-02
-9.189955287124045025e-02
-9.192753384062782307e-02
-9.276986636749355586e-02
-9.298869930146909379e-02
-9.268715784128270241e-02
-9.281185863786513279e-02
-9.102002310729270795e-02
-9.270855015702500479e-02
-9.152839887830155341e-02
-9.101618740070216429e-02
-9.184324343603790519e-02
-9.325373509719814269e-02
-9.190112578200944349e-02
-9.242197727848487643e-02
-9.281113581273700563e-02
-9.261655553145378694e-02
-9.208218205827137237e-02
-9.223695097696629763e-02
-9.270854222974365955e-02
-9.186862139073125044e-02
-9.212828344340528997e-02
-9.239915900261189141e-02
-9.293755694462645101e-02
-9.179745140193844299e-02
-9.209336941209196603e-02
-9.241586753315952918e-02
-9.302157018687956525e-02
-9.317544064772483037e-02
-9.170046020971976686e-02
-9.285494994162867000e-02
-9.213174271021776218e-02
-9.186400387780038757e-02
-9.333889458582528276e-02
-9.297604686328934942e-02
-9.275794676615006784e-02
-9.239627916362427862e-02
-9.324585950700486903e-02
-9.277414196947245117e-02
-9.240938854386490653e-02
-9.293020905790747022e-02
-9.178819788481414055e-02
-9.203052884749764184e-02
-9.169125234461709961e-02
-9.246953218234686689e-02
-9.191146902821016595e-02
-9.274580357578429690e-02
-9.205612685172667731e-02
-9.296701831240820890e-02
-9.293307625706470620e-02
-9.204501783720507591e-02
-9.246962058914998117e-02
-9.176568212027051696e-02
-9.247475932059937009e-02
-9.333249371277609063e-02
-9.052491039655624627e-02
-9.238306758968917176e-02
-9.180501854208759915e-02
-9.355506973493196710e-02
-9.207486194532173152e-02
-9.230919651476980625e-02
-1.277567457486648017e-01
-1.283089176281761445e-01
-1.281768866332569645e-01
-1.295938364254516917e-01
-1.300042667140248187e-01
-1.281788849871517144e-01
-1.282429777547848537e-01
-1.287405531734965025e-01
-1.282280122527148514e-01
-1.293767394715835684e-01
-1.288625815734751601e-01
-1.282426260484752778e-01
-1.299325366111908908e-01
-1.287771854185153220e-01
-1.282151562182744231e-01
-8.393986011820071813e-02
-8.359050188993341624e-02
-8.379372292321232707e-02
-8.419484713078775884e-02
-8.310537942762194485e-02
-8.432338771969880020e-02
-8.302866867016131525e-02
-8.299640668996953463e-02
-8.327896183657360063e-02
-8.352468616392731693e-02
-8.373264240361687205e-02
-8.392107577060142765e-02
-8.355547159326338902e-02
-8.199308555917153574e-02
-8.436960097657593416e-02
-7.044003501731330164e-02
-7.151308630876028472e-02
-7.153453834862037730e-02
-7.206749953900945527e-02
-7.141543443812750636e-02
-7.193815214740788277e-02
-6.963149915911556742e-02
-7.094249703461322221e-02
-7.075666448846257284e-02
-7.044938368387732019e-02
-7.137820940493774802e-02
-7.152750100127611144e-02
-7.089000497615517704e-02
-7.199248450723785830e-02
-7.173586998436301543e-02
-9.721224045823773086e-02
-9.741923925019360664e-02
-9.647618605128606417e-02
-9.772168683798018729e-02
-9.739017048053003056e-02
-9.786051670983195172e-02
-9.775151436601248189e-02
-9.745743678259198572e-02
-9.696650817799572220e-02
-9.737004347636907253e-02
-9.753003131780797752e-02
-9.837796300388797210e-02
-9.710877987221105956e-02
-9.764235749597587055e-02
-9.653727927558598820e-02
-1.103793460335183163e-01
-1.100023110816245320e-01
-1.105411985832863292e-01
-1.096093638481897281e-01
-1.095457682651792414e-01
-1.116227326964179395e-01
-1.105830769448544054e-01
-1.103892932905734120e-01
-1.105526560700025723e-01
-1.110768160815631400e-01
-1.104015662260052627e-01
-1.106531873981840969e-01
-1.087530647363976061e-01
-1.099197073835802702e-01
-1.103550568381631847e-01
-5.615654530255193011e-02
-5.622742580625699621e-02
-5.628850314762912088e-02
-5.576869042529931236e-02
-5.775349319969742129e-02
-5.761249793247214673e-02
-5.688737376400878482e-02
-5.802293707111330634e-02
-5.793580843286376403e-02
-5.844569802635954381e-02
-5.685194463345332599e-02
-5.761521235449935940e-02
-5.777414336893396674e-02
-5.746836430649186755e-02
-5.668655408746761659e-02
-1.516772857992701729e-01
-1.532292372057527108e-01
-1.527127419096664107e-01
-1.523822393800441100e-01
-1.528965487718270677e-01
-1.523292145720012147e-01
-1.525655206627353211e-01
-1.516453415152045070e-01
-1.527710540879086143e-01
-1.528436224408213084e-01
-1.517853102274518973e-01
-1.527435785776707633e-01
-1.521255648212046230e-01
-1.514556617350175383e-01
-1.524292127136137598e-01
-6.701355130523038717e-02
-6.629702952120618276e-02
-6.568503632576856710e-02
-6.654502001818324297e-02
-6.629322522669779671e-02
-6.609777930004552549e-02
-6.602095859576111170e-02
-6.579915443197305314e-02
-6.631251146222254256e-02
-6.590156214007598934e-02
-6.541442716775310029e-02
-6.731266533622089210e-02
-6.679620819270994103e-02
-6.657326412757000322e-02
-6.556214307022852072e-02
-4.852499553718424979e-02
-4.816209357054225537e-02
-4.905613951229816777e-02
-4.963280497664621094e-02
-4.928713320205922038e-02
-4.803693119203678030e-02
-4.806230319174534943e-02
-4.819751382693321373e-02
-4.847029380711799507e-02
-4.867266740615311393e-02
-4.875975972511128326e-02
-4.768473341253572778e-02
-4.874333919451662861e-02
-4.855710483437174901e-02
-4.786923197509079797e-02
-7.158926192063330696e-02
-6.986284629698381876e-02
-7.035823800844077935e-02
-7.165231524590144618e-02
-7.065060366446439255e-02
-6.896091600516636444e-02
-7.191869330244284042e-02
-7.053030343081426179e-02
-7.076936832590405291e-02
-7.020741573064573360e-02
-7.107280053985114143e-02
-7.080299236862980239e-02
-6.997045725670035521e-02
-7.044797247435213849e-02
-6.938384964445618031e-02
