-1.417061562629461369e-01
-1.412675595813373541e-01
-1.420525325192165400e-01
-1.520890089078084650e-01
-1.474573377196889412e-01
-1.467788802227615874e-01
-1.462276943431415899e-01
-1.503456379226590367e-01
-1.407036505869400933e-01
-1.445319105922734382e-01
-1.555724064700753639e-01
-1.397466005552317758e-01
-1.514376697339560041e-01
-1.528303594583856617e-01
-1.444940905288978616e-01
-1.505047151097311797e-01
-1.462611078094315231e-01
-1.461814777183034764e-01
-1.449350897293517071e-01
-1.466887330121290078e-01
-1.503325734934412294e-01
-1.459589572938213564e-01
-1.512189850857029172e-01
-1.498877414866829350e-01
-1.431383027644811401e-01
-1.472485767555662406e-01
-1.514683141798790211e-01
-1.437642531457258288e-01
-1.429387764955139528e-01
-1.499832427500535914e-01
-1.551345998398978576e-01
-1.559937846936672590e-01
-1.507507178401351622e-01
-1.402183729892643171e-01
-1.484554217228253314e-01
-1.388806620510373291e-01
-1.512178678947052046e-01
-1.438729171689923092e-01
-1.435730889651513076e-01
-1.449975704714508429e-01
-1.423749755169021747e-01
-1.403282025665864574e-01
-1.431205444778650415e-01
-1.565799258657828430e-01
-1.529243682245193803e-01
-1.449247533138575683e-01
-1.491599532140815421e-01
-1.506600212375112935e-01
-1.567335027434563488e-01
-1.439793737171729537e-01
-1.436883901967547783e-01
-1.374515095673754517e-01
-1.467427431455762821e-01
-1.496246335972991337e-01
-1.399933619829265286e-01
-1.520812162116850774e-01
-1.496516574315619186e-01
-1.523693982771968658e-01
-1.475204591929862863e-01
-1.419108617990429422e-01
-1.517342454955805664e-01
-1.516311120783713773e-01
-1.400304235954106802e-01
-1.352965842000712071e-01
-1.495335072735598514e-01
-1.559087924080644894e-01
-1.468156152119289848e-01
-1.535911023724034763e-01
-1.536189266282934618e-01
-1.519699332235516787e-01
-1.507654728282639134e-01
-1.504200816950544417e-01
-1.494027844143806516e-01
-1.533756924550827572e-01
-1.510912594619485683e-01
-1.572173011229702766e-01
-1.529251577034190790e-01
-1.538708573536217150e-01
-1.472011751269463598e-01
-1.452523726015247929e-01
-1.459287564463735420e-01
-1.386671258894413006e-01
-1.511268634161734847e-01
-1.557890260101216229e-01
-1.453394496594821450e-01
-1.424930071143045984e-01
-1.445426259649613132e-01
-1.514323406315587484e-01
-1.425758545033626867e-01
-1.526632887364570701e-01
-1.415045330297292625e-01
-1.491107599860191368e-01
-1.518052782613034668e-01
-1.452471393350761586e-01
-1.458659620942872603e-01
-1.497082933660561499e-01
-1.505239407378564653e-01
-1.482046100705469716e-01
-1.485372520530758300e-01
-1.401759807516037015e-01
-1.541197256590016162e-01
-1.507986488986447771e-01
-1.477650445964951986e-01
-1.526776953906621992e-01
-1.452703389846055071e-01
-1.554199503606120691e-01
-1.563173886913701849e-01
-1.477121549568413683e-01
-1.476325324618895651e-01
-1.440434947583202618e-01
-1.517824115990877298e-01
-1.477773983078498610e-01
-1.503474758235306408e-01
-1.573314302092238548e-01
-1.440338084170280086e-01
-1.457278748570827731e-01
-1.459950062398517323e-01
-1.511515278904517756e-01
-1.476156061771066175e-01
-1.566141419197053519e-01
-1.517815691416083135e-01
-1.441833884357571205e-01
-1.447961196800163219e-01
-1.460691399423466041e-01
-1.478070104696640741e-01
-1.480723541304657109e-01
-1.469206426126748177e-01
-1.557887454862699750e-01
-1.477629032579957646e-01
-1.457892045325682451e-01
-1.486853156081635596e-01
-1.582976707891053658e-01
-1.554175557459061552e-01
-1.563505002267376875e-01
-1.537573067482886080e-01
-1.501519152250670175e-01
-1.510465874924314944e-01
-1.547918982343016170e-01
-1.509655967191262382e-01
-1.427842315708595933e-01
-1.533350711880779871e-01
-1.432205019736386697e-01
-1.501012787826340178e-01
-1.510358189391048378e-01
-1.480682012493209632e-01
-1.432788629292958693e-01
-1.427520417199357738e-01
-1.498089177513345915e-01
-1.500449981235185692e-01
-1.431154144919469240e-01
-1.476396285752684112e-01
-1.534632406309802133e-01
-1.437007232546667068e-01
-1.487305412599328469e-01
-1.447924099832993416e-01
-1.449171134634334446e-01
-1.480653262304967299e-01
-1.535930135070967539e-01
-1.606241784508393722e-01
-1.469723926406267256e-01
-1.486125035554101692e-01
-1.484321253385020023e-01
-1.463344818826410876e-01
-1.524397466821714731e-01
-1.456641071991254810e-01
-1.408632340149375273e-01
-1.450158584061094769e-01
-1.511960698599965069e-01
-1.497007155015721014e-01
-1.430381348353571003e-01
-1.510143192490828179e-01
-1.400244073566723202e-01
-1.531875933602210860e-01
-1.423250355860846417e-01
-1.388172633080974605e-01
-1.452534995439155319e-01
-1.452467500972179359e-01
-1.434049594843267994e-01
-1.508803006491355181e-01
-1.527549623070968976e-01
-1.501788034381793813e-01
-1.470329874857727870e-01
-1.452910704736808944e-01
-1.453006465624370747e-01
-1.457301591724723122e-01
-1.436978758679700319e-01
-1.395959013574898655e-01
-1.531458568438738843e-01
-1.458272062027112792e-01
-1.368419430366248080e-01
-1.450507649955889433e-01
-1.529836655715273164e-01
-1.579939546007542717e-01
-1.448956337288162255e-01
-1.508220485657730259e-01
-1.463716923961511096e-01
-1.462348363285784769e-01
-1.480473769106730453e-01
-1.442904837301510479e-01
-1.490081268371552525e-01
-1.502644860235784197e-01
-1.517444673012787459e-01
-1.528918570080172457e-01
-1.483320445974261048e-01
-1.540333617062772109e-01
-1.422338889578175225e-01
-1.462615689057106261e-01
-1.440348498145705425e-01
-1.473499641793073744e-01
-1.488098577491992480e-01
-1.532017110245860736e-01
-1.485465038391591830e-01
-1.520231881623399506e-01
-1.506124921095023939e-01
-1.458969719568437573e-01
-1.467240458944373827e-01
-1.442631446778338544e-01
-1.467495067577957446e-01
-1.519129801511616695e-01
-1.400816669059544717e-01
-1.500208965657357785e-01
-1.456359786546213564e-01
-1.546190976179326326e-01
-1.449827171059921982e-01
-1.527106298985361488e-01
