2.722475989949060815e-02
-7.905610721168650212e-02
9.558601770768254680e-02
-8.933562713546194800e-02
-2.722287733382129649e-02
1.188876310289904356e-02
2.452530202681399082e-02
4.560774739775198816e-02
-1.418115072182110636e-02
1.052781353280439203e-01
-2.237851030880250516e-02
-7.536595340212520755e-02
1.779816629499137992e-01
-2.402441312982115870e-02
-5.294401660441564600e-02
1.731433280372392802e-01
-6.636561033875956750e-02
-6.769900068136890103e-02
-5.825041284707980355e-02
-4.934942979354375869e-02
2.784856110904219625e-02
-7.422247113734883883e-02
9.303499938332401853e-02
-8.809727972279229880e-02
-2.563362416148502743e-02
9.264444433460883657e-03
2.138357242871333219e-02
4.738224796138135186e-02
-1.461722793177120533e-02
1.037278597382946949e-01
-2.201280438457865751e-02
-7.136368899046600933e-02
1.791176572167136605e-01
-2.412901772161575586e-02
-5.639156586575487518e-02
1.763008214185602940e-01
-6.494228614637759245e-02
-6.878895871862356071e-02
-5.729831138084932191e-02
-5.107988236059544246e-02
2.614770451333856341e-02
-7.615647613545442618e-02
9.587780730414771635e-02
-8.923566741451954831e-02
-2.922296707992189796e-02
8.010750845911485465e-03
2.288536975252268915e-02
4.751018905164285794e-02
-1.155170815722877248e-02
1.032791473332864696e-01
-2.015701015965672138e-02
-7.571802711157671339e-02
1.767506644419554740e-01
-2.581796682739884857e-02
-5.537416429107879651e-02
1.762414965336720485e-01
-6.405443611068452336e-02
-6.904902542427861223e-02
-5.794473189371798783e-02
-5.049697636033208259e-02
2.758002653512883068e-02
-7.653453553096588313e-02
9.536781629498303214e-02
-8.856674373850158266e-02
-2.949627238320142592e-02
8.572329170928471090e-03
2.391760002215664871e-02
5.066092297246288512e-02
-1.201890228159497101e-02
1.034883703793079424e-01
-2.159521333345701746e-02
-7.357260353713507284e-02
1.787209845089563764e-01
-2.542723547229289172e-02
-5.560487891139605232e-02
1.767457410715502220e-01
-6.401532079987640178e-02
-6.812501685174993105e-02
-5.723170754626921014e-02
-4.987390138205489293e-02
2.774705036954220466e-02
-7.711174203737194977e-02
9.488164608722296500e-02
-8.960065475450754158e-02
-2.612919197905918395e-02
8.086659824776657943e-03
2.387466649700106802e-02
4.592926791530747149e-02
-1.499067483376079202e-02
1.027140219247313357e-01
-2.147529149303620613e-02
-7.534108798337568746e-02
1.763645863865705432e-01
-2.282534594151453336e-02
-5.676519570853676144e-02
1.779088826241056742e-01
-6.399871170510287866e-02
-6.987501192121770011e-02
-5.779315675039323891e-02
-5.097297709262441079e-02
2.695346353870245806e-02
-7.762218539805336437e-02
9.229031850230548506e-02
-8.802414274225367485e-02
-2.827021687669926953e-02
8.579530645781138776e-03
2.423130270069343006e-02
4.521325441252460609e-02
-1.384206435126188878e-02
1.050477104685168389e-01
-2.160755599697553389e-02
-7.502809582362293672e-02
1.781019054545565916e-01
-2.590005199533256669e-02
-5.472766644512577772e-02
1.767808258237751062e-01
-6.423032463076845666e-02
-6.933616024161411151e-02
-5.857108659097401415e-02
-5.236053180803187934e-02
2.841057009787346585e-02
-7.808701451663938031e-02
9.308259999861132061e-02
-9.001181740167238376e-02
-2.612752979584552493e-02
1.021395528243957546e-02
2.434034775917772592e-02
4.634472745357508944e-02
-1.279756110288772855e-02
1.066366765553765222e-01
-2.276330968437650232e-02
-7.488830918056206543e-02
1.773572610244756875e-01
-2.748337130760850414e-02
-5.413977312587035795e-02
1.781751288999772476e-01
-6.455523993567700847e-02
-6.801355796931841946e-02
-5.796389429085501560e-02
-5.098237509306053489e-02
3.050788066518034594e-02
-7.642218974731596060e-02
9.606883457198092668e-02
-8.826939416866340371e-02
-2.779831865146440220e-02
9.250017925572274341e-03
2.233006102934478529e-02
4.440250968871754800e-02
-1.389829612987257892e-02
1.052841395435766270e-01
-2.181922056058739276e-02
-7.227057977120160404e-02
1.766708919286822110e-01
-2.506791573975359830e-02
-5.518684071281583503e-02
1.777884743934042833e-01
-6.422845883463396133e-02
-6.887994763613694560e-02
-5.914214648564412868e-02
-5.094496490405919786e-02
2.753026908726881328e-02
-7.817783629132578349e-02
9.310010705065772940e-02
-8.949975012887526060e-02
-2.842008642973755869e-02
1.123531196921869792e-02
2.460037669834183247e-02
4.730137292195291110e-02
-1.521430056327073739e-02
1.049670748847710139e-01
-2.102237178653078992e-02
-7.333379999908540281e-02
1.777004273203237061e-01
-2.481318028110947663e-02
-5.532954190865963656e-02
1.748370249389652187e-01
-6.473155685063837483e-02
-6.947839734530036893e-02
-5.782691738433779621e-02
-5.200962262551126619e-02
2.688854330240025847e-02
-7.638173330826178442e-02
9.033668736054667470e-02
-8.881198947852624037e-02
-2.815172788121420716e-02
9.554220154285586464e-03
2.289445447652180277e-02
4.661856614841106833e-02
-1.493349021944989988e-02
1.032513480987772847e-01
-2.284176636261504162e-02
-7.354275629491305311e-02
1.797789003687461085e-01
-2.304540769682609028e-02
-5.546085684258119514e-02
1.763822978980287559e-01
-6.375800442865496576e-02
-6.794865221694773583e-02
-5.852196604748186037e-02
-5.157199087357704215e-02
2.715170709495320911e-02
-7.674150544991567569e-02
9.503934470004316015e-02
-8.844369813285161974e-02
-2.645845325330882514e-02
8.051904806137873821e-03
2.382890538503078248e-02
4.525673665815795055e-02
-1.182184819792533523e-02
1.042302263087141745e-01
-2.388450772764596358e-02
-7.648229185360062854e-02
1.780339424355002753e-01
-2.431924357140937201e-02
-5.815573682896758856e-02
1.759091166612648527e-01
-6.311229219605180019e-02
-6.854061943761485809e-02
-5.787975150264173391e-02
-5.009864150299178642e-02
2.642437947997944986e-02
-7.588674316536858644e-02
9.464723137363936778e-02
-8.769575848547712937e-02
-2.804239727475037192e-02
9.288412935406036713e-03
2.272222628790354984e-02
4.542806758847656862e-02
-1.376545651788596905e-02
1.035004860032769231e-01
-1.884328118384455408e-02
-7.430039465753275618e-02
1.781849526437354891e-01
-2.661455228680953064e-02
-5.709685859433678845e-02
1.790831417696644445e-01
-6.457012572761235136e-02
-6.755045139820678446e-02
-5.873533240108531894e-02
-5.122703695095845444e-02
2.649474801465699636e-02
-7.828305225160665792e-02
9.304495851225794145e-02
-9.066809858877528105e-02
-2.778897813832007305e-02
1.003601579277113576e-02
2.534876133392823666e-02
4.623249885018185928e-02
-1.498897048359360690e-02
1.048342500638681368e-01
-2.262782994694404956e-02
-7.505505117578044338e-02
1.789707829648902737e-01
-2.398405514446060732e-02
-5.574984808295409267e-02
1.757832273020866198e-01
-6.508888110691953000e-02
-7.024127754436612636e-02
-5.819937101822966752e-02
-4.935733675035228196e-02
2.933626159664718888e-02
-7.802358271642603760e-02
9.334349303168484879e-02
-9.028985829868635404e-02
-2.771694439533409562e-02
1.098144859096445228e-02
2.417203211062229212e-02
4.808698826049456754e-02
-1.233508732057886359e-02
1.047033166697617507e-01
-2.156495795842955018e-02
-7.327155712838856472e-02
1.793002600090354004e-01
-2.502495740396392526e-02
-5.423560676729681507e-02
1.768547854525972518e-01
-6.505886687236883681e-02
-6.980897794037878301e-02
-5.790007070441761938e-02
-5.144791014877787838e-02
2.576769478220314671e-02
-7.693937380641963086e-02
9.444894566075202891e-02
-9.090195957215681244e-02
-2.856195171569094263e-02
9.684241190460891532e-03
2.206213674599061259e-02
4.713921523007081477e-02
-1.351932613437182608e-02
1.050372726037110960e-01
-2.401734333776134322e-02
-7.666969241569318583e-02
1.797280816152615479e-01
-2.455733001648659208e-02
-5.473472700958430248e-02
1.768908748237130735e-01
-6.240119738226355267e-02
-6.790276370697227726e-02
-5.916853860403188670e-02
-5.051011830765465144e-02
