-4.248457430935892454e-01
-4.289008365218788810e-01
-4.276819669559326353e-01
-4.309117595720077243e-01
-4.338208427277893131e-01
-4.295022931039363945e-01
-4.288638135328531886e-01
-4.283287923090943750e-01
-4.274686754875416383e-01
-4.325324186155510287e-01
-4.298262756757031955e-01
-4.274713401705974025e-01
-4.323633767524254212e-01
-4.314207557630120871e-01
-4.260140800904657077e-01
-4.731214724359336099e-01
-4.696417897594316604e-01
-4.705494549211397537e-01
-4.726566435189990534e-01
-4.698229013287252842e-01
-4.715634813901583566e-01
-4.696223306566891798e-01
-4.707134024563546237e-01
-4.706492900528707612e-01
-4.686747764751785228e-01
-4.706209837110267302e-01
-4.697933341344431857e-01
-4.736670115367974110e-01
-4.665359493184025874e-01
-4.756016714977975290e-01
-2.114618345276898237e-01
-2.122948587659900244e-01
-2.108433878650869397e-01
-2.134464395956764959e-01
-2.129548881848641328e-01
-2.126495563043837578e-01
-2.077335512475469437e-01
-2.101021362960777128e-01
-2.107872302844160384e-01
-2.098384321967382005e-01
-2.114685521545107139e-01
-2.138797557054223919e-01
-2.129896259784809787e-01
-2.137712299210379197e-01
-2.165058019634529818e-01
-4.016834560774423801e-01
-3.964359082802794698e-01
-3.981478844792222804e-01
-3.988693549782255654e-01
-3.978294900487215902e-01
-3.994018930988630922e-01
-3.998002940014871998e-01
-3.992717487303495405e-01
-3.961305807908223620e-01
-3.988315261333394424e-01
-4.004959058038414232e-01
-4.018653317077998111e-01
-4.004217168367333324e-01
-4.002340623405925002e-01
-3.983979491072668910e-01
-2.886617705547382395e-01
-2.866648370120401523e-01
-2.890995028398003486e-01
-2.842970483194509068e-01
-2.875615158726703147e-01
-2.908207108338877189e-01
-2.870190268820286272e-01
-2.862831332879443580e-01
-2.877828334419193501e-01
-2.898866980059638943e-01
-2.880637098206761948e-01
-2.893902437350913126e-01
-2.845606184423838947e-01
-2.891064856938459493e-01
-2.865073680811044965e-01
-1.508840216071268281e-01
-1.519430818458467614e-01
-1.493962482280722370e-01
-1.468634400549930219e-01
-1.517842904192236442e-01
-1.546840365528913130e-01
-1.524954727596907200e-01
-1.521163537649083963e-01
-1.546890862182135340e-01
-1.533044738907770321e-01
-1.531066442407092165e-01
-1.514264319579936013e-01
-1.529375383479408268e-01
-1.524982143662030332e-01
-1.523486752331934535e-01
-3.975163139956950920e-01
-4.016929468191226538e-01
-4.015035066919607765e-01
-4.036253444490777165e-01
-3.996319822193094007e-01
-3.979185704022692449e-01
-4.007803870440520555e-01
-4.003327533101868063e-01
-4.001526527421747081e-01
-4.038520873350264218e-01
-3.972634630480826878e-01
-4.003597904817760011e-01
-3.985492525062770408e-01
-3.977645157678278975e-01
-3.989931787980894873e-01
-3.165800628966200514e-01
-3.161645565594197738e-01
-3.156302586504425300e-01
-3.170553795025651267e-01
-3.183221560543393336e-01
-3.170199865092503400e-01
-3.162313391968711307e-01
-3.138490898252450645e-01
-3.163710066135867471e-01
-3.165757470748625790e-01
-3.150819217285167340e-01
-3.179159639848755381e-01
-3.172592202019864915e-01
-3.128797197924372275e-01
-3.167893807544110985e-01
-1.905828527437895825e-01
-1.884833734006012840e-01
-1.907330937898040202e-01
-1.917831163027307328e-01
-1.922300371984025924e-01
-1.870197012092196798e-01
-1.877598931760642853e-01
-1.878088950736889751e-01
-1.892693635258572704e-01
-1.893529602698683645e-01
-1.893310814152431576e-01
-1.905544921961566662e-01
-1.914820203164660228e-01
-1.880742596607162809e-01
-1.886148410510058993e-01
-2.966861900500828986e-01
-2.902134319124861639e-01
-2.962147341449731797e-01
-2.947388806891371171e-01
-2.940222403305065568e-01
-2.918948606215878150e-01
-2.977407071653901949e-01
-2.937738875005106998e-01
-2.964546654054263097e-01
-2.932641073558069356e-01
-2.954584993375496960e-01
-2.944388287978010332e-01
-2.897663890493346606e-01
-2.945566975252907338e-01
-2.910873778894126906e-01
