5.767837546447208280e-04
-1.042093559096698430e-01
-4.868442548745526011e-02
1.672700479757576464e-01
4.563207220023361710e-02
-9.306201175059672370e-02
9.560054021947321512e-02
-1.378297118113998021e-01
1.300589636999825438e-01
3.447224165945667052e-02
3.549815154866131639e-02
-5.261050817450028949e-02
5.040947155877804897e-02
-2.176837187380921759e-02
3.893146683988651935e-02
1.120476524997994494e-01
5.268719149845023375e-03
-4.151232488640020646e-02
4.168310564613007113e-02
4.479159935633397760e-02
1.007320894624086534e-03
-1.024225596147236850e-01
-4.892722318719628510e-02
1.679304620411857241e-01
4.407785044544492575e-02
-9.220870589297663900e-02
9.618975062852883062e-02
-1.387888212376936770e-01
1.325928846074639622e-01
3.773226048385969200e-02
3.642422419378207876e-02
-5.115493633337989815e-02
5.148710645395924990e-02
-2.047224786513716227e-02
3.647015481990013158e-02
1.083600710139884238e-01
1.604199031731821760e-03
-3.770271306794107519e-02
4.473205015431981624e-02
4.650552058349208262e-02
-5.930777981272023630e-05
-1.039512582689856440e-01
-5.019536727190669623e-02
1.666833769374960750e-01
4.382120162400041791e-02
-9.152802170407198235e-02
9.476542049311577343e-02
-1.395076749358820090e-01
1.294260348185565790e-01
3.562728550424007490e-02
3.479452421373587651e-02
-4.862370542958364267e-02
5.351289431521676770e-02
-2.584675984476415139e-02
3.683661130799674444e-02
1.112152859596706733e-01
4.402880233556911299e-03
-3.995419752228646787e-02
4.396114079423367460e-02
4.505330911672385946e-02
3.185505844807159925e-03
-1.025436510446444960e-01
-4.899845303335918778e-02
1.655274666540328121e-01
4.550474324438290308e-02
-9.577344916909398542e-02
9.510757883793946599e-02
-1.363099597473713398e-01
1.288396198650162694e-01
3.647585576152295034e-02
3.468591367889870686e-02
-5.098815581098047750e-02
4.925168451523334601e-02
-2.186166757082078776e-02
3.523705703903823316e-02
1.130352715818858239e-01
4.244826599469914835e-03
-3.741656611730000831e-02
4.292763982948490792e-02
4.768501775604185727e-02
-1.839545057837245132e-03
-1.038456910893152951e-01
-4.965103082027122472e-02
1.667168693021190695e-01
4.527477758925475132e-02
-9.100954559189308735e-02
9.740432509720324539e-02
-1.388266523581564438e-01
1.263540870156545093e-01
3.223875776835529589e-02
3.605402064704182202e-02
-4.960466034788233586e-02
5.004580517483285529e-02
-2.178616354814160577e-02
3.916060682435759666e-02
1.094330128700414378e-01
3.275479586082373148e-03
-4.087219183208222473e-02
4.302366441396768271e-02
4.364985994367963362e-02
-3.279954689404561072e-04
-1.051350920894723040e-01
-4.941982547730768699e-02
1.675565847874279923e-01
4.560309446391999644e-02
-9.321057737075172378e-02
9.677816582062261086e-02
-1.376103074253201553e-01
1.297866175491560747e-01
3.686615923521442684e-02
3.694069423625984810e-02
-4.798215009954309024e-02
5.060507516514423099e-02
-2.398694412053029024e-02
3.420440716515097540e-02
1.087268559373339993e-01
2.479137152947178541e-03
-3.876791865951548233e-02
4.452586954473104763e-02
4.654042424631890662e-02
1.524799425521564458e-03
-1.019045986362667189e-01
-4.918820584461827683e-02
1.687941371224541687e-01
4.672340725280529905e-02
-9.401252079442991294e-02
9.807636278680850750e-02
-1.370904245633514373e-01
1.291894458495979892e-01
3.540069754951116754e-02
3.596851760724689706e-02
-5.331896693227677897e-02
4.706365067238595101e-02
-2.240052542541900310e-02
3.460140123656145483e-02
1.095202519110422407e-01
5.410295868691264616e-03
-4.018842612748625004e-02
4.440601226603795026e-02
4.495874427818119523e-02
5.478505115106219528e-04
-1.027985870398407942e-01
-5.176471370262309551e-02
1.682273288257987720e-01
4.457555579962464709e-02
-9.536586563522242432e-02
9.630578530173258822e-02
-1.405394040295917246e-01
1.286467987201807550e-01
3.330622806887793136e-02
3.244947081294165259e-02
-4.865688808064047577e-02
4.806127163973244326e-02
-2.297880063292330466e-02
3.887876121998088547e-02
1.127754702236058448e-01
8.436626269432178846e-03
-4.380451450393905294e-02
4.513805224552318307e-02
4.360670103467136072e-02
-8.407622683614243350e-04
-1.044297530578525424e-01
-4.840181456174399294e-02
1.711308427717721514e-01
4.448823969091304092e-02
-9.516824215902448814e-02
9.674805142705866778e-02
-1.387325732346003093e-01
1.275192388803702559e-01
3.541431097792988036e-02
3.510730899569611263e-02
-5.103557718187309161e-02
4.637956828567524337e-02
-2.303068028297119985e-02
3.740777796188510251e-02
1.126385113110567465e-01
3.711603390457307063e-03
-4.107841351000311725e-02
4.482408014928498940e-02
4.238102789663754366e-02
-1.394086728489908264e-03
-1.035667637687245068e-01
-5.084812373600537672e-02
1.673574334431074118e-01
4.509977171561718734e-02
-9.229118723923324108e-02
9.558178832180642959e-02
-1.357277754710711493e-01
1.315688321626962420e-01
3.880189882897359943e-02
3.771993492606950243e-02
-4.955889141435883272e-02
4.954704692787818138e-02
-2.155080919102558834e-02
3.505628556996827350e-02
1.081589172612745231e-01
2.421374754803190879e-04
-3.818901285822055847e-02
4.338947472113605097e-02
4.434393480221939660e-02
1.916692328593636030e-03
-1.044621743983026041e-01
-5.123757264518657983e-02
1.679144516335795423e-01
4.651238415328728948e-02
-9.245644160794086464e-02
9.573069078916376928e-02
-1.388280379080478744e-01
1.278628620088793355e-01
3.539904258122880676e-02
3.644381997866159156e-02
-4.849344723567940163e-02
4.809615192281815194e-02
-2.134446076332266115e-02
3.776551072100686746e-02
1.128843934991298620e-01
5.308996355617162308e-03
-3.952726100685178406e-02
4.355332068413067526e-02
4.354587150927096556e-02
-3.108588558196423782e-04
-1.053769723327481062e-01
-5.035362370697071127e-02
1.666692847694860868e-01
4.535176679809507783e-02
-9.368979060980324458e-02
9.397587818992052255e-02
-1.402062526566349165e-01
1.300439702412541920e-01
3.504211659591735528e-02
3.567036292435817740e-02
-4.961852783707085268e-02
4.806777298017791272e-02
-2.338033843526166403e-02
3.539021983934151350e-02
1.115346050581869641e-01
3.242658826449371437e-03
-4.014606948447731194e-02
4.283462513583077835e-02
4.611734535096829318e-02
1.646571101679671079e-04
-1.031892827961369552e-01
-4.987211181650483272e-02
1.685147526256974837e-01
4.406294118778833480e-02
-9.190658343762184157e-02
9.808064424007083282e-02
-1.355751149592043237e-01
1.288405246549443883e-01
3.628182920027043373e-02
3.453729911860788787e-02
-5.150506652874850544e-02
4.945800230147857912e-02
-1.961484431289701319e-02
3.779580440889141607e-02
1.095987438873886888e-01
3.558217111248219641e-03
-3.882876712165413829e-02
4.341650680030030574e-02
4.319845660485113759e-02
2.256889511556290154e-03
-1.032323502902232626e-01
-5.124389336312270421e-02
1.681790772206861184e-01
4.713484933998003668e-02
-9.123528934862627782e-02
9.602784274787354302e-02
-1.388722067776361202e-01
1.296727877798806161e-01
3.595212937904437855e-02
3.580501432165304060e-02
-4.942243922933670097e-02
4.833822648876300726e-02
-2.316576671386496450e-02
3.833484629031127383e-02
1.131763993806779861e-01
5.290858959273911019e-03
-3.930539887582153863e-02
4.442651420842448629e-02
4.266063905653930122e-02
1.064119716982806114e-03
-1.053904981045164502e-01
-4.896713549851947761e-02
1.667956082092838799e-01
4.598253549616308777e-02
-9.277323376656598786e-02
9.678144412917823181e-02
-1.371693906951167441e-01
1.306729984047395599e-01
3.814553129816590504e-02
3.823348981740865710e-02
-5.194991487238161121e-02
4.875171886615405070e-02
-2.135257397256771356e-02
3.751929400156545080e-02
1.099100763417630994e-01
2.808107148706074155e-03
-3.790750583492445008e-02
4.333636086527877657e-02
4.457275365893484387e-02
-2.846121705791996859e-01
-2.847269282222206765e-01
-2.851861701989154008e-01
-2.849025830876506515e-01
-2.857647769604489407e-01
-2.866704057114336512e-01
-2.868783962177647306e-01
-2.876259787765705900e-01
-2.844714160259910751e-01
-2.855488533746952662e-01
-2.849760743550422970e-01
-2.862074676823398445e-01
-2.841608117460011629e-01
-2.854242222549463470e-01
-2.868896025606628153e-01
-2.869962952849552384e-01
-2.838437871989418770e-01
-2.845320132395765533e-01
-2.857408264814436660e-01
-2.870644393766755842e-01
-2.861934714602486496e-01
-2.845645728645833650e-01
-2.840220204029687001e-01
-2.864119979635245672e-01
-2.864223649752883905e-01
-2.863284276448342380e-01
-2.870749306904667453e-01
-2.879046789612134116e-01
-2.846502938313456577e-01
-2.867069258817483979e-01
-2.849198963927609407e-01
-2.862242412139289205e-01
-2.856802544802994892e-01
-2.843483538586624171e-01
-2.875545855415261309e-01
-2.844944254100013059e-01
-2.836374394215840367e-01
-2.879955825257229374e-01
-2.838433711001341897e-01
-2.867826505089727251e-01
-2.856322985302836570e-01
-2.830116350956542459e-01
-2.851427365770727862e-01
-2.855752965417215905e-01
-2.879087832060097107e-01
-2.854468387581988731e-01
-2.864456223843406257e-01
-2.861521296889690813e-01
-2.864749645491447838e-01
-2.856627083638942910e-01
-2.849825342705097908e-01
-2.869752251649101416e-01
-2.847493876282046754e-01
-2.855877069144493463e-01
-2.864873958682799260e-01
-2.875690838839050634e-01
-2.862533860390545914e-01
-2.845095734446702607e-01
-2.832449096845801595e-01
-2.863475414597544955e-01
-2.847192438705665185e-01
-2.852415662432536414e-01
-2.860321688796658712e-01
-2.853642009698000304e-01
-2.869645406893427952e-01
-2.876107336332288655e-01
-2.872234886375204521e-01
-2.857696091945726713e-01
-2.863658968063186872e-01
-2.842626748862368546e-01
-2.863310642222983149e-01
-2.860211346719083725e-01
-2.856646481074886501e-01
-2.876929516075942272e-01
-2.856284562287957352e-01
-2.854296714609160790e-01
-2.845172591733449718e-01
-2.860350226545089192e-01
-2.847046157577218795e-01
-2.862611395282685378e-01
-2.850039759039694753e-01
-2.860732409071282678e-01
-2.865791875062496108e-01
-2.858961312349367900e-01
-2.849017902790806911e-01
-2.844400446371791458e-01
-2.867501427666819813e-01
-2.852504574398271875e-01
-2.866612172143706005e-01
-2.860624595881134380e-01
-2.861771235317859263e-01
-2.863798783450903773e-01
-2.869913452901392548e-01
-2.870128400268949220e-01
-2.839475848400001001e-01
-2.851266662695022269e-01
-2.871074568926932913e-01
-2.851848593200285720e-01
-2.839792251740166362e-01
-2.828676925974707990e-01
-2.872831579106510658e-01
-2.862444524969837145e-01
-2.843436969950828841e-01
-2.869829583934535577e-01
-2.861706301800037711e-01
-2.835890976566310395e-01
-2.846789616668742307e-01
-2.840461877996859896e-01
-2.841575531132968235e-01
-2.830856511066460190e-01
-2.863690925429946410e-01
-2.845220855837375940e-01
-2.861249538142521809e-01
-2.855088725799468374e-01
-2.877107936554366696e-01
-2.864416735573137029e-01
-2.880715658838692295e-01
-2.855793149467747982e-01
-2.857579772782137262e-01
-2.862404982314606938e-01
-2.867194108302540401e-01
-2.866262205730200074e-01
-2.847748854557118903e-01
-2.864688661273556702e-01
-2.855931214211864799e-01
-2.840711316703414813e-01
-2.858879951656057017e-01
-2.870996074928076069e-01
-2.847350646152781994e-01
-2.867771328369277395e-01
-2.844868757389472647e-01
-2.856065974897280535e-01
-2.858114022672598176e-01
-2.844327201699414220e-01
-2.852925173525529545e-01
-2.878820851648016266e-01
-2.856723761774808135e-01
-2.850050386894762422e-01
-2.860082823827013176e-01
-2.853561958936484677e-01
-2.856176065941717912e-01
-2.864359450452812483e-01
-2.851029494769070638e-01
-2.847948207025255418e-01
-2.873563067440287333e-01
-2.850037039956042073e-01
-2.851346753785081178e-01
-2.856225982194747215e-01
-2.839203694985080739e-01
-2.862572420459573719e-01
-2.818539165705094551e-01
-2.877657034640939693e-01
-2.860688764759283242e-01
-2.856274502616605315e-01
-2.858115134745041197e-01
-2.841054162924893656e-01
-2.850714612187887909e-01
-2.857728986664513915e-01
-2.850892665065647424e-01
-2.863147294567415235e-01
-2.870889983620426578e-01
-2.848650950265558812e-01
-2.854469670053294550e-01
-2.874168211914749915e-01
-2.855792094987312790e-01
-2.864857131213630614e-01
-2.858962032521193963e-01
-2.868216684749906875e-01
-2.867992323975940283e-01
-2.856053500267171641e-01
-2.859066107924692623e-01
-2.873513585564589357e-01
-2.866649072817181176e-01
-2.849346408152816368e-01
-2.863955368656116440e-01
-2.867457467632453794e-01
-2.834138092274372522e-01
-2.859966976843750230e-01
-2.871112779889842259e-01
-2.887104350593494018e-01
-2.854354180312002054e-01
-2.856521976161832677e-01
-2.874117885637024750e-01
-2.867112640791495415e-01
-2.859487116941022977e-01
-2.876094812456900796e-01
-2.861987044099610911e-01
-2.866359486623493158e-01
-2.859165417294947109e-01
-2.855010497670729119e-01
-2.864284692516080311e-01
-2.857169020108644153e-01
-2.860051055697291345e-01
-2.862600375047889556e-01
-2.865157637092050624e-01
-2.865271431975646155e-01
-2.859226967859282431e-01
-2.864421657221608020e-01
-2.851647402703694767e-01
-2.873034117696126044e-01
-2.857923097284855163e-01
-2.861526358128161363e-01
-2.854527816177476196e-01
-2.847692287457148641e-01
-2.863019797498174701e-01
-2.851530504709363090e-01
-2.866320128315727467e-01
-2.851890520608634794e-01
-2.849895638804317288e-01
-2.850697592086201548e-01
-2.873745204125019992e-01
-2.849070795219942331e-01
-2.858140554089059204e-01
-2.867047694457461327e-01
-2.856938730182573827e-01
-2.863503104148186762e-01
-2.823135829670871955e-01
-2.858466568369708027e-01
-2.864679659711459325e-01
-2.848450813360396960e-01
-2.857572010759397707e-01
-2.856159662029597035e-01
-2.857284721612240452e-01
-2.838672892793561719e-01
-2.867631922321088878e-01
-2.308413294519197079e-01
-2.308291417431688475e-01
-2.310468136580551279e-01
-2.318416474266894456e-01
-2.309921695141760045e-01
-2.306288326447470671e-01
-2.315534649594462591e-01
-2.298450806037252159e-01
-2.302824819886889751e-01
-2.305754769189582443e-01
-2.306437566353300994e-01
-2.297763662556346898e-01
-2.296091718424038974e-01
-2.298080500509522006e-01
-2.286795210869212447e-01
-1.378870982424617309e-01
-1.407841705263328247e-01
-1.412933253576850179e-01
-1.388820599411932089e-01
-1.400375873432758711e-01
-1.417671981803627912e-01
-1.395934494991959429e-01
-1.378529231929581655e-01
-1.384277680128628008e-01
-1.385047349660496474e-01
-1.386772367977048837e-01
-1.371370798626689591e-01
-1.393290534006905446e-01
-1.393853091700034130e-01
-1.406272720249161223e-01
-1.139783560955508757e-01
-1.158793584460029030e-01
-1.149756227025179461e-01
-1.157705590882190105e-01
-1.140878014985670375e-01
-1.147129498982715906e-01
-1.156600673164100840e-01
-1.153457553509180250e-01
-1.149144800509191849e-01
-1.146415299454849324e-01
-1.150820856604348741e-01
-1.159929812483381367e-01
-1.134930546707694082e-01
-1.127481521618282911e-01
-1.145298863006947165e-01
-1.371868859636010685e-01
-1.353449486103297517e-01
-1.383436189249352133e-01
-1.344562344090478867e-01
-1.386042570067476110e-01
-1.369167442243243715e-01
-1.342137330494399539e-01
-1.352390458278555363e-01
-1.360078415115200112e-01
-1.359048345462385288e-01
-1.358278639449476133e-01
-1.376204689050624930e-01
-1.363428427032859214e-01
-1.352152073094652629e-01
-1.356190782267304717e-01
-1.669198057710044036e-01
-1.676196228238518993e-01
-1.670653797988217171e-01
-1.657923088394520350e-01
-1.663373928371518484e-01
-1.673456393701718004e-01
-1.689885045158683596e-01
-1.662675085751860737e-01
-1.678268081232269782e-01
-1.676783299176604347e-01
-1.662823328991258898e-01
-1.685393168201712311e-01
-1.653240301415589419e-01
-1.675149032385511993e-01
-1.677627213566105224e-01
-1.846806873369802038e-01
-1.826934022249119549e-01
-1.807711425395159277e-01
-1.830401515511351496e-01
-1.839444538942773544e-01
-1.821186631200037709e-01
-1.815928721362382314e-01
-1.859062747144164529e-01
-1.833895427622984076e-01
-1.841266803685234488e-01
-1.830863841108166523e-01
-1.848062276053301922e-01
-1.847039839592080901e-01
-1.844563237272652256e-01
-1.846489441236540130e-01
-1.281495548407029783e-01
-1.298363810708851873e-01
-1.307465333353352577e-01
-1.309857214177682083e-01
-1.295609015347263526e-01
-1.299042298895370928e-01
-1.297676610005542575e-01
-1.281915687046266961e-01
-1.301068659207058331e-01
-1.285198248634864537e-01
-1.314892499532362979e-01
-1.287191727171586031e-01
-1.297271858075531026e-01
-1.284689998206021422e-01
-1.297678640446598419e-01
-1.220643042158778002e-01
-1.198518116553239365e-01
-1.218971741095064010e-01
-1.200414752536176216e-01
-1.222471712564439372e-01
-1.216514276676963213e-01
-1.213063187007449861e-01
-1.227324289383174977e-01
-1.225517160866106819e-01
-1.234727127699279114e-01
-1.229990866947393985e-01
-1.217188820805665539e-01
-1.225265739920337743e-01
-1.225099489528891500e-01
-1.225075007002526667e-01
-8.012031247870760042e-02
-8.003882374641388409e-02
-7.705375502173666957e-02
-8.008867187258603138e-02
-7.483702556933898020e-02
-7.639768990155809680e-02
-7.632178169211660534e-02
-7.699803009652803065e-02
-7.880978962815612943e-02
-7.981314723789079135e-02
-7.789858916135125599e-02
-7.869452566744673805e-02
-7.867194989224296497e-02
-7.829673527040280356e-02
-7.776011567357958565e-02
-9.633365214658649867e-02
-9.338187275692991229e-02
-9.627246090865498873e-02
-9.481666804365149193e-02
-9.409119017124359385e-02
-9.618042611017196819e-02
-9.467711005124457291e-02
-9.737406841940124402e-02
-9.493326225035680910e-02
-9.726837049633185739e-02
-9.527634396177767084e-02
-9.531059155723603515e-02
-9.507950750646468330e-02
-9.626769424782820328e-02
-9.552509137027215269e-02
