-2.755735467916020642e-01
-2.806609435944951159e-01
-2.780665877382789697e-01
-2.881494569797353189e-01
-2.852675677998055548e-01
-2.937036698573430860e-01
-2.893839388528912648e-01
-2.911694271301670245e-01
-2.823878903714804878e-01
-2.806968919782126815e-01
-2.809633088859083694e-01
-2.900229102952366356e-01
-2.800493201035640922e-01
-2.859135673655643917e-01
-2.858187218215564318e-01
-2.887631089418759012e-01
-2.759800713766339397e-01
-2.780881173476322799e-01
-2.808314755461620571e-01
-2.903116551959107339e-01
-2.875196940599132334e-01
-2.777734415282777647e-01
-2.790845217023376068e-01
-2.892786323660393455e-01
-2.863394016837954581e-01
-2.896251033986662060e-01
-2.911783402939943088e-01
-2.885023568978024033e-01
-2.764190419024050716e-01
-2.843529165985387297e-01
-2.798780510244369690e-01
-2.865070409486196734e-01
-2.795969237428565513e-01
-2.789208122653095145e-01
-2.896427080441958957e-01
-2.800478015687908329e-01
-2.797992201991529315e-01
-2.871239476079907038e-01
-2.770754290891271898e-01
-2.873353619670052650e-01
-2.800369046228187164e-01
-2.717425249597607007e-01
-2.760092014544083261e-01
-2.905672280566659049e-01
-2.867767917031379676e-01
-2.863164345322467552e-01
-2.854854681893497781e-01
-2.806934294200197355e-01
-2.851066751615802253e-01
-2.885538724571653502e-01
-2.775458798829288920e-01
-2.885824062100489362e-01
-2.770002493278308497e-01
-2.762508681222471951e-01
-2.924467074983285730e-01
-2.913001279418113709e-01
-2.824608353665207794e-01
-2.760875788018571919e-01
-2.705642335813331911e-01
-2.866975398306611522e-01
-2.830986815618046215e-01
-2.844563225190445688e-01
-2.841915684576455936e-01
-2.912885967353923133e-01
-2.885997143626424788e-01
-2.992152605362533579e-01
-2.924638240113813792e-01
-2.799994155896467496e-01
-2.907807594587606403e-01
-2.805336929849896466e-01
-2.889944926168341865e-01
-2.861336428644115637e-01
-2.895780701357634768e-01
-2.948175805181109110e-01
-2.804293498917563854e-01
-2.795976131444086743e-01
-2.751786384251811435e-01
-2.895546333462130084e-01
-2.792710869054653156e-01
-2.842915652580169095e-01
-2.844564901782445920e-01
-2.923924712143709526e-01
-2.892374956774596551e-01
-2.835935042168467035e-01
-2.843611097866954318e-01
-2.803481528748807960e-01
-2.875307137847570860e-01
-2.772523715979973158e-01
-2.873131514246471951e-01
-2.827410476710315868e-01
-2.783704978520500917e-01
-2.830633203468014281e-01
-2.860295975917405698e-01
-2.883117198000960668e-01
-2.734785939771348096e-01
-2.833076720741336540e-01
-2.956682896868101373e-01
-2.858059657480937488e-01
-2.764629254190679175e-01
-2.730832827478580915e-01
-2.869403455209568188e-01
-2.893748597269326650e-01
-2.731720132395120682e-01
-2.920782126094317865e-01
-2.782364888497140809e-01
-2.743891293879172633e-01
-2.766295350553312771e-01
-2.846560165380913610e-01
-2.806320847863147394e-01
-2.765961671939057842e-01
-2.927455282577544060e-01
-2.758453148068918948e-01
-2.816733836553416692e-01
-2.872654295307265904e-01
-2.883501142070562517e-01
-2.851847982079390720e-01
-2.914631538006925426e-01
-2.839904675611751861e-01
-2.842678461092272846e-01
-2.895872858941970773e-01
-2.913010385657605616e-01
-2.885242448951673144e-01
-2.798907862784560940e-01
-2.878290849285511932e-01
-2.807531374645996225e-01
-2.784607468796456153e-01
-2.793365602900096945e-01
-2.948189805636577399e-01
-2.821552891168717103e-01
-2.892351034517424702e-01
-2.816079806465447977e-01
-2.900711696718156762e-01
-2.833593960987331739e-01
-2.773436161494641228e-01
-2.831196826309983483e-01
-2.895766874815837166e-01
-2.922612960703274698e-01
-2.801504412145672251e-01
-2.894129072063931218e-01
-2.886528179885854417e-01
-2.789405461424621646e-01
-2.874598522501963793e-01
-2.780937714019738882e-01
-2.841346228758242498e-01
-2.908425429968978237e-01
-2.866351505167869518e-01
-2.872603641337672098e-01
-2.866715790011222786e-01
-2.738776848356571092e-01
-2.886925270400428345e-01
-2.668866939135503547e-01
-2.937051353800994580e-01
-2.882740182837310039e-01
-2.833293784342660881e-01
-2.842405038080748070e-01
-2.724210488358889126e-01
-2.806431197083201212e-01
-2.902031720884186150e-01
-2.922394295916804219e-01
-2.889389361890176700e-01
-2.933414172853205937e-01
-2.787561644276592143e-01
-2.818378453659022287e-01
-2.895693901775968637e-01
-2.866255295262047920e-01
-2.839426871718717660e-01
-2.884956958405432426e-01
-2.903869643432989145e-01
-2.825339430734636337e-01
-2.772136609616583369e-01
-2.817542374829375973e-01
-2.953621621032807010e-01
-2.842007343109639872e-01
-2.775810546845955962e-01
-2.887629288940815053e-01
-2.884020013611442446e-01
-2.768133461161080833e-01
-2.829710191162368993e-01
-2.854364123213253279e-01
-2.942987613548830317e-01
-2.827569201572828206e-01
-2.841294539565621946e-01
-2.901070745839211540e-01
-2.859142650179300471e-01
-2.851976456363613521e-01
-2.895098216711200489e-01
-2.846303522006317643e-01
-2.876829883733121873e-01
-2.851268024397893841e-01
-2.867696696267381107e-01
-2.828726419842788609e-01
-2.849082361530312357e-01
-2.830396614511441200e-01
-2.785415779990564333e-01
-2.889846585412852442e-01
-2.897387181643182874e-01
-2.860218120580703127e-01
-2.919882524964786397e-01
-2.822242873432352916e-01
-2.935720684972668026e-01
-2.790686906319572724e-01
-2.897670175674933457e-01
-2.864455960771023491e-01
-2.876291973953494230e-01
-2.902785027526851303e-01
-2.833422804586981925e-01
-2.900447582969552518e-01
-2.802244521200607519e-01
-2.801627775203340276e-01
-2.855814294370629947e-01
-2.918619752400297696e-01
-2.806873861069097975e-01
-2.826317129095798908e-01
-2.934235576230939668e-01
-2.829788709153375770e-01
-2.841691826216894423e-01
-2.765524081163219794e-01
-2.969570616157169440e-01
-2.825609865152863831e-01
-2.743496404624213292e-01
-2.861285339950191409e-01
-2.829251012950168009e-01
-2.922711316488300071e-01
-2.740510231717933065e-01
-2.898372444356078770e-01
