-1.305897417983461692e-02
-3.653968081301765727e-03
1.299942733217510256e-03
1.261532260584814942e-02
1.227579152579812670e-02
-3.758123823703529709e-02
9.381388030699391867e-03
-2.037886615892583672e-02
1.572167793056756732e-02
3.047744921327053078e-04
8.883826951849221887e-03
-8.284790836180212087e-03
7.237556778295509662e-03
-1.701469655076514893e-03
-7.791536927227400711e-03
1.513548914232516404e-02
7.018198579577945330e-03
-1.093617443879289601e-02
2.987143801845540316e-03
1.617168683425898937e-02
-1.311271827131009655e-02
-3.114002842621944704e-03
1.125116083646696130e-03
1.319372506707792297e-02
1.128135896465737482e-02
-3.746195517116031326e-02
1.016251047391630337e-02
-2.033945892358808225e-02
1.645744404160432231e-02
3.873175826524572385e-04
9.321047210643076605e-03
-7.912334052895047751e-03
7.278296984977240466e-03
-1.702190846179806472e-03
-7.856239948281093510e-03
1.464312648054780404e-02
7.022803304772807891e-03
-1.046977757938720270e-02
3.581543446276516576e-03
1.680651288639817276e-02
-1.356298006496564276e-02
-3.242292674464907019e-03
1.208395280379935544e-03
1.248662671686475399e-02
1.169238798211326251e-02
-3.746244195253211479e-02
9.865589124107614072e-03
-2.044343952564427191e-02
1.589963073864909121e-02
2.165223629352655251e-04
9.018840527265476262e-03
-7.739177968075717541e-03
7.877249388122701743e-03
-2.419430450993750783e-03
-8.282916638474557489e-03
1.461538040078131165e-02
7.007544561610533351e-03
-1.051091790072190314e-02
3.562746034263064056e-03
1.674306675364768335e-02
-1.287817066678321673e-02
-3.298015126396207364e-03
1.243227994016288078e-03
1.272957647306702071e-02
1.108479719153508680e-02
-3.749433160230166567e-02
1.002943436615805033e-02
-1.999652628520676156e-02
1.634850397431249908e-02
5.378075796986588226e-04
9.134632199803236624e-03
-7.744945722392233313e-03
7.244350804932619785e-03
-1.734177274212119098e-03
-8.527919508667424278e-03
1.502355311102242415e-02
7.041204889807063660e-03
-1.021992116812980508e-02
3.449309766564604991e-03
1.648324796100039680e-02
-1.377904995082663078e-02
-3.465544938475327054e-03
1.530714957401491279e-03
1.273109551717861374e-02
1.127592597567365559e-02
-3.704072395387147942e-02
9.849646328169330348e-03
-1.998905763122168361e-02
1.586714764464400296e-02
3.012292678342529573e-04
9.681828490301393197e-03
-7.990333954644150694e-03
7.596932198284726129e-03
-1.700620655144540524e-03
-8.318362710219852699e-03
1.450496680707457839e-02
6.761030959080946943e-03
-1.055459442954665567e-02
3.381004628961599336e-03
1.650768874733618899e-02
-1.307689018402283590e-02
-3.237974228135888453e-03
1.203718442046310469e-03
1.289250374853052883e-02
1.156051940855951435e-02
-3.731532879799859259e-02
9.667222714816698509e-03
-2.035221981561000787e-02
1.575625018155869805e-02
5.397382492152724438e-04
9.125504468648435591e-03
-7.955808838604949348e-03
7.436507566657028778e-03
-2.039854352172021379e-03
-8.616424677003464705e-03
1.441082969912631066e-02
6.965946704289094696e-03
-1.031471790084393693e-02
3.974353289000011336e-03
1.677917888186609627e-02
-1.326131659016597381e-02
-2.859673929545983664e-03
1.503703828876708053e-03
1.250812786811161814e-02
1.122365210339516459e-02
-3.752397279133395935e-02
9.321486728759740409e-03
-2.039301341973494275e-02
1.647738004493905922e-02
2.958603736696512683e-04
9.312155813197435517e-03
-8.473958405923484247e-03
7.243646861985199650e-03
-2.077585429927170536e-03
-8.606127396162477697e-03
1.416970781375162178e-02
6.661958478725776844e-03
-9.937122307677639932e-03
3.805596512689919230e-03
1.671251290455690736e-02
-1.376792672501614759e-02
-3.128242974685706106e-03
1.330312001744253340e-03
1.265479556476008932e-02
1.123211798291799332e-02
-3.760885919088490653e-02
9.291295823713536378e-03
-2.059156250194568022e-02
1.594010618743670407e-02
2.383006120600209845e-04
8.834487835876699696e-03
-8.382845690140510592e-03
7.443165253165349646e-03
-1.940997157194292600e-03
-8.529730865278358637e-03
1.485208528035952477e-02
7.229356361948361190e-03
-1.068438258628854991e-02
3.688769345366822976e-03
1.668102886250479380e-02
-1.325103094393776521e-02
-3.453478680329669179e-03
1.827707290866157144e-03
1.326594728452102495e-02
1.128445771549046843e-02
-3.752312469249584337e-02
9.700385871702715823e-03
-2.026384308003741433e-02
1.638418115629643526e-02
7.228905902744587730e-04
9.355934487381102269e-03
-8.624680528655935888e-03
7.247035176358673086e-03
-1.864681860812906176e-03
-8.207061140943130301e-03
1.483140548888001523e-02
6.397412932721563070e-03
-1.046459603796490168e-02
3.533962422151446479e-03
1.628877734159974583e-02
-1.353711609294500073e-02
-3.191144789791766200e-03
1.561812079861789153e-03
1.280679193402212319e-02
1.129135140963792409e-02
-3.712786462604034110e-02
9.822040854870288037e-03
-1.979517528389840297e-02
1.643959897279870241e-02
1.181071097205559041e-03
9.400041248653285067e-03
-8.143225125273951398e-03
7.381811854522935326e-03
-1.660830279368025100e-03
-8.681025364206300735e-03
1.424524453943989792e-02
6.126232024791729985e-03
-1.024098860546112516e-02
3.260156619309831447e-03
1.640757031948478564e-02
-1.304661005328627485e-02
-3.204674888538711162e-03
7.759944498379675593e-04
1.268027608791032906e-02
1.228136582478563631e-02
-3.786874903538917092e-02
1.031412743900530886e-02
-2.049405895702751529e-02
1.533038966699511521e-02
-2.422131987316167951e-04
8.705595787296892610e-03
-7.573135961418862860e-03
7.191558832128316578e-03
-1.620675624435422880e-03
-7.651447728999508785e-03
1.545534839331144314e-02
7.862140846571779793e-03
-1.095747754390135296e-02
3.575912647132650519e-03
1.587542057875198850e-02
-1.357482315326599340e-02
-3.318287891288848775e-03
1.347998196686156502e-03
1.244889341372224130e-02
1.150381653613321772e-02
-3.758291327980985835e-02
9.508681308484957795e-03
-2.035772242372727026e-02
1.604574351730615051e-02
3.221037870189394554e-04
9.305963218421017813e-03
-7.752162863726422791e-03
7.330679433338385675e-03
-2.083261669845973274e-03
-8.596329888912457307e-03
1.467628469492204650e-02
7.198583467431815194e-03
-1.057795364614314872e-02
3.341829673566057250e-03
1.645462269556153059e-02
-1.349424229035347915e-02
-2.761991112290642161e-03
1.237753066060676317e-03
1.266967999228013272e-02
1.132720365300856138e-02
-3.754896911430331830e-02
1.005785714955597168e-02
-2.040414692289657314e-02
1.557674345669118367e-02
2.141543943509468997e-04
9.058944944704130225e-03
-8.019375404725147954e-03
7.576254246887262518e-03
-1.597110230122013568e-03
-7.777324334722782867e-03
1.504719989708438316e-02
7.052846272716377027e-03
-1.032856312059824387e-02
3.432348268358270931e-03
1.610547491060135977e-02
-1.294090830535087402e-02
-2.930123003308882871e-03
1.311328591142926769e-03
1.269525596044115273e-02
1.178547991300671685e-02
-3.761816610831645452e-02
9.824516364944916452e-03
-2.047392786823460514e-02
1.565716511077672526e-02
3.056357633582660943e-04
9.051926257079843594e-03
-7.908898284254907082e-03
7.519089721995548051e-03
-1.866091474317421554e-03
-8.082851008292070427e-03
1.527178368368675362e-02
7.575305333389723006e-03
-1.050467179670687597e-02
3.454784508785804526e-03
1.636171678046985031e-02
-1.303893448479659725e-02
-3.133538284845842174e-03
7.398517910161333741e-04
1.279410023699015242e-02
1.179017263272758194e-02
-3.733616546705001427e-02
1.036720529063462660e-02
-2.069377867395013476e-02
1.584164184964716171e-02
-1.665943323827115755e-04
8.970474510671656854e-03
-7.341575651268271441e-03
7.355935972319433379e-03
-2.108767145482935267e-03
-7.474929495288761341e-03
1.550957079118621754e-02
7.525277485122649004e-03
-1.113057065538217150e-02
3.845621825596329604e-03
1.567584442081648363e-02
