-2.833940821174159574e-01
-2.815849493638529211e-01
-2.835946093126830991e-01
-2.844059204301050969e-01
-2.840765296291198894e-01
-2.821519754211794240e-01
-2.832246567865158715e-01
-2.835596613698022073e-01
-2.833068958315921870e-01
-2.830591585722332382e-01
-2.832541673124697179e-01
-2.815122918192522472e-01
-2.804553775395574600e-01
-2.808918046383787059e-01
-2.820811011938941237e-01
-1.844645808298916168e-01
-1.829299485143117132e-01
-1.875824828101624320e-01
-1.837035477282690787e-01
-1.846388921492672086e-01
-1.870744759260618006e-01
-1.840777223090245829e-01
-1.834166749844022559e-01
-1.855149070001604061e-01
-1.847866157544138799e-01
-1.853932685517073742e-01
-1.835732166793658249e-01
-1.866674861970427091e-01
-1.860211798149732643e-01
-1.870891328196512271e-01
-2.213279603750671898e-01
-2.224079650468103464e-01
-2.224458332828452289e-01
-2.214234492026839751e-01
-2.208763136494487356e-01
-2.224493346932510385e-01
-2.225253655558203925e-01
-2.242890526643130378e-01
-2.216196392772544765e-01
-2.217815867776558869e-01
-2.229107534416706615e-01
-2.218010822980062413e-01
-2.214364098319085983e-01
-2.215760252775375028e-01
-2.213025016814651469e-01
-2.034595097476477876e-01
-2.034490989101145064e-01
-2.032249516783702914e-01
-2.012056187727272738e-01
-2.036053496321107159e-01
-2.049129748905136883e-01
-2.009014218560467857e-01
-2.016704578188465158e-01
-2.041071744657371179e-01
-2.017784765626911003e-01
-2.017001873154239677e-01
-2.035306802776424562e-01
-2.045876163552980964e-01
-2.025157276161217434e-01
-2.025064708649917666e-01
-3.038556998005643717e-01
-3.047722204513719224e-01
-3.016917350000507536e-01
-3.017458719173455872e-01
-3.027791023478342836e-01
-3.054883497347461452e-01
-3.047017716231214535e-01
-3.013191674455099056e-01
-3.031075407473417527e-01
-3.032268523919448566e-01
-3.035286297332396299e-01
-3.029533822311619717e-01
-3.008354759326953287e-01
-3.040301785575357241e-01
-3.046177143649701491e-01
-2.996734790392613923e-01
-2.985126381851687660e-01
-2.967894496866056442e-01
-2.970452466395586133e-01
-2.981297037139095663e-01
-2.986573515132840417e-01
-2.936949793857658308e-01
-3.017548886912753692e-01
-2.989581051235461473e-01
-2.992873169928634280e-01
-2.985343285957484660e-01
-3.010298092666224834e-01
-3.019290981049944089e-01
-2.995880430375640890e-01
-2.999682983137812453e-01
-1.602318235002072877e-01
-1.592354165978389635e-01
-1.619575570063998826e-01
-1.619434503783308832e-01
-1.592520409268879389e-01
-1.619972083880766855e-01
-1.591416324751833700e-01
-1.602426043519366017e-01
-1.623000664564587525e-01
-1.596635903733514827e-01
-1.601158672771713087e-01
-1.572936357767160120e-01
-1.584080603227903394e-01
-1.622306148434608242e-01
-1.620903968114361937e-01
-2.278958265048370013e-01
-2.290423149241812006e-01
-2.278333024588738709e-01
-2.289829692848659726e-01
-2.306996385503009006e-01
-2.288593831188629191e-01
-2.293777021217452139e-01
-2.277925935686381520e-01
-2.299544180078738620e-01
-2.330785977196931924e-01
-2.307798918524139320e-01
-2.291298317056169598e-01
-2.310616569242677221e-01
-2.304895603629814049e-01
-2.288936267011051073e-01
-1.779352237056317232e-01
-1.770073251147227245e-01
-1.773520712110420172e-01
-1.776968637557146680e-01
-1.742898309635450282e-01
-1.755798107294923305e-01
-1.742683189415504541e-01
-1.742510992330367214e-01
-1.740066287811255774e-01
-1.768041379225428478e-01
-1.740243329575302256e-01
-1.752616490914647995e-01
-1.771786579211168944e-01
-1.754482752375233767e-01
-1.753457296944993526e-01
-1.885144802019350363e-01
-1.878451177571401065e-01
-1.886146847416318439e-01
-1.896985542000318437e-01
-1.877953731320176900e-01
-1.900870637953748776e-01
-1.902759816479432653e-01
-1.903877505468284936e-01
-1.860572970255297276e-01
-1.917025496443215404e-01
-1.883509786897892835e-01
-1.903269494945994955e-01
-1.908349130455023468e-01
-1.903706554529717432e-01
-1.908525212769299484e-01
